0.06941431670281996	0.0650759219088937	0.1019522776572668	0.0737527114967462	0.1475054229934924	0.17787418655097614	0.07592190889370933	0.049891540130151846	0.03253796095444685	0.20607375271149675	
0.029654036243822075	0.057660626029654036	0.036243822075782535	0.04118616144975288	0.4415156507413509	0.17298187808896212	0.07248764415156507	0.03130148270181219	0.0214168039538715	0.09555189456342669	
0.033932135728542916	0.04590818363273453	0.017964071856287425	0.03992015968063872	0.47305389221556887	0.1217564870259481	0.19560878243512975	0.021956087824351298	0.011976047904191617	0.03792415169660679	
0.06485849056603774	0.045990566037735846	0.031839622641509434	0.02240566037735849	0.4221698113207547	0.1615566037735849	0.1474056603773585	0.0294811320754717	0.014150943396226415	0.060141509433962265	
0.1576271186440678	0.06271186440677966	0.020338983050847456	0.025423728813559324	0.1694915254237288	0.09152542372881356	0.3898305084745763	0.04915254237288136	0.01864406779661017	0.015254237288135594	
0.0436241610738255	0.0587248322147651	0.020134228187919462	0.03859060402684564	0.17785234899328858	0.41778523489932884	0.15771812080536912	0.020134228187919462	0.03355704697986577	0.031879194630872486	
0.08658008658008658	0.06060606060606061	0.03896103896103896	0.03896103896103896	0.44155844155844154	0.12554112554112554	0.05194805194805195	0.03896103896103896	0.03463203463203463	0.08225108225108226	
0.03275109170305677	0.03275109170305677	0.021834061135371178	0.04148471615720524	0.16375545851528384	0.1572052401746725	0.03056768558951965	0.03056768558951965	0.4148471615720524	0.07423580786026202	
0.06153846153846154	0.1282051282051282	0.046153846153846156	0.10256410256410256	0.13333333333333333	0.21025641025641026	0.19487179487179487	0.05641025641025641	0.035897435897435895	0.03076923076923077	
0.06296296296296296	0.04814814814814815	0.025925925925925925	0.13703703703703704	0.08518518518518518	0.2851851851851852	0.044444444444444446	0.22962962962962963	0.040740740740740744	0.040740740740740744	
0.0821917808219178	0.06164383561643835	0.0821917808219178	0.3561643835616438	0.0410958904109589	0.0684931506849315	0.0684931506849315	0.136986301369863	0.0410958904109589	0.06164383561643835	
0.07428571428571429	0.05142857142857143	0.03428571428571429	0.15428571428571428	0.05142857142857143	0.2742857142857143	0.11428571428571428	0.12	0.06285714285714286	0.06285714285714286	
0.08108108108108109	0.12162162162162163	0.08108108108108109	0.08108108108108109	0.08108108108108109	0.22972972972972974	0.10810810810810811	0.08108108108108109	0.06756756756756757	0.06756756756756757	
0.09090909090909091	0.03409090909090909	0.045454545454545456	0.17045454545454544	0.03787878787878788	0.17424242424242425	0.09090909090909091	0.3143939393939394	0.01893939393939394	0.022727272727272728	
0.06989247311827956	0.043010752688172046	0.03225806451612903	0.15053763440860216	0.04838709677419355	0.15591397849462366	0.3172043010752688	0.11290322580645161	0.026881720430107527	0.043010752688172046	
0.03286384976525822	0.06103286384976526	0.046948356807511735	0.3145539906103286	0.028169014084507043	0.03755868544600939	0.29107981220657275	0.13145539906103287	0.03286384976525822	0.023474178403755867	
0.13609467455621302	0.03550295857988166	0.04142011834319527	0.1301775147928994	0.04142011834319527	0.15976331360946747	0.16568047337278108	0.17159763313609466	0.07692307692307693	0.04142011834319527	
0.03089887640449438	0.0449438202247191	0.05056179775280899	0.16292134831460675	0.025280898876404494	0.3061797752808989	0.21067415730337077	0.12359550561797752	0.028089887640449437	0.016853932584269662	
0.07575757575757576	0.07575757575757576	0.07575757575757576	0.12121212121212122	0.10606060606060606	0.10606060606060606	0.07575757575757576	0.18181818181818182	0.10606060606060606	0.07575757575757576	
0.06965174129353234	0.06467661691542288	0.024875621890547265	0.06965174129353234	0.0845771144278607	0.19900497512437812	0.08955223880597014	0.25870646766169153	0.05970149253731343	0.07960199004975124	
0.13636363636363635	0.09090909090909091	0.05303030303030303	0.11363636363636363	0.10606060606060606	0.05303030303030303	0.12878787878787878	0.15151515151515152	0.09848484848484848	0.06818181818181818	
0.1380952380952381	0.04285714285714286	0.023809523809523808	0.07142857142857142	0.06190476190476191	0.18571428571428572	0.15714285714285714	0.1523809523809524	0.06190476190476191	0.10476190476190476	
0.05063291139240506	0.0379746835443038	0.04219409282700422	0.05907172995780591	0.04219409282700422	0.21940928270042195	0.07172995780590717	0.26582278481012656	0.12236286919831224	0.08860759493670886	
0.08791208791208792	0.04395604395604396	0.054945054945054944	0.06593406593406594	0.08791208791208792	0.0989010989010989	0.03296703296703297	0.0989010989010989	0.35714285714285715	0.07142857142857142	
0.11855670103092783	0.030927835051546393	0.030927835051546393	0.211340206185567	0.10824742268041238	0.23195876288659795	0.05670103092783505	0.08247422680412371	0.08247422680412371	0.04639175257731959	
0.23469387755102042	0.07142857142857142	0.03571428571428571	0.1836734693877551	0.10204081632653061	0.04081632653061224	0.12755102040816327	0.14285714285714285	0.025510204081632654	0.03571428571428571	
0.11627906976744186	0.05813953488372093	0.06976744186046512	0.22093023255813954	0.10465116279069768	0.05813953488372093	0.10465116279069768	0.08139534883720931	0.11627906976744186	0.06976744186046512	
0.17985611510791366	0.07553956834532374	0.046762589928057555	0.17985611510791366	0.046762589928057555	0.0683453237410072	0.14028776978417265	0.19424460431654678	0.02158273381294964	0.046762589928057555	
0.08029197080291971	0.051094890510948905	0.043795620437956206	0.26277372262773724	0.051094890510948905	0.2116788321167883	0.058394160583941604	0.16058394160583941	0.0364963503649635	0.043795620437956206	
0.1187648456057007	0.030878859857482184	0.028503562945368172	0.32304038004750596	0.06175771971496437	0.1163895486935867	0.14489311163895488	0.07838479809976247	0.035629453681710214	0.06175771971496437	
0.06461538461538462	0.024615384615384615	0.07692307692307693	0.12923076923076923	0.07076923076923076	0.2153846153846154	0.14153846153846153	0.16923076923076924	0.09230769230769231	0.015384615384615385	
0.08035714285714286	0.026785714285714284	0.041666666666666664	0.12202380952380952	0.09523809523809523	0.2708333333333333	0.09821428571428571	0.15178571428571427	0.0625	0.050595238095238096	
0.09722222222222222	0.03819444444444445	0.027777777777777776	0.1840277777777778	0.06597222222222222	0.16319444444444445	0.052083333333333336	0.1701388888888889	0.15625	0.04513888888888889	
0.02120141342756184	0.028268551236749116	0.05653710247349823	0.1625441696113074	0.04946996466431095	0.10954063604240283	0.06713780918727916	0.0706713780918728	0.3392226148409894	0.09540636042402827	
0.07133757961783439	0.03949044585987261	0.10955414012738854	0.4089171974522293	0.030573248407643312	0.13630573248407643	0.06751592356687898	0.01910828025477707	0.015286624203821656	0.10191082802547771	
0.036312849162011177	0.01675977653631285	0.030726256983240222	0.5418994413407822	0.05865921787709497	0.0446927374301676	0.13687150837988826	0.0446927374301676	0.01675977653631285	0.07262569832402235	
0.041666666666666664	0.041666666666666664	0.025	0.5472222222222223	0.027777777777777776	0.030555555555555555	0.18055555555555555	0.06666666666666667	0.013888888888888888	0.025	
0.05813953488372093	0.05813953488372093	0.11627906976744186	0.23255813953488372	0.11627906976744186	0.06976744186046512	0.09302325581395349	0.10465116279069768	0.08139534883720931	0.06976744186046512	
0.0823045267489712	0.037037037037037035	0.02880658436213992	0.35802469135802467	0.03292181069958848	0.037037037037037035	0.2139917695473251	0.1522633744855967	0.0205761316872428	0.037037037037037035	
0.06691449814126393	0.04956629491945477	0.01982651796778191	0.5142503097893433	0.03841387856257745	0.01858736059479554	0.1982651796778191	0.0644361833952912	0.013630731102850062	0.0161090458488228	
0.09345794392523364	0.06542056074766354	0.04672897196261682	0.19626168224299065	0.07476635514018691	0.04672897196261682	0.2897196261682243	0.07476635514018691	0.056074766355140186	0.056074766355140186	
0.059782608695652176	0.03804347826086957	0.03260869565217391	0.5054347826086957	0.059782608695652176	0.08695652173913043	0.08152173913043478	0.04891304347826087	0.043478260869565216	0.043478260869565216	
0.04455445544554455	0.054455445544554455	0.0297029702970297	0.3316831683168317	0.024752475247524754	0.09405940594059406	0.29207920792079206	0.06435643564356436	0.034653465346534656	0.0297029702970297	
0.07042253521126761	0.056338028169014086	0.056338028169014086	0.352112676056338	0.04929577464788732	0.04225352112676056	0.20422535211267606	0.07746478873239436	0.04225352112676056	0.04929577464788732	
0.05825242718446602	0.07766990291262135	0.06796116504854369	0.36893203883495146	0.06796116504854369	0.06796116504854369	0.07766990291262135	0.07766990291262135	0.04854368932038835	0.08737864077669903	
0.05084745762711865	0.06779661016949153	0.06779661016949153	0.3474576271186441	0.05084745762711865	0.0847457627118644	0.17796610169491525	0.05084745762711865	0.0423728813559322	0.059322033898305086	
0.044444444444444446	0.06111111111111111	0.044444444444444446	0.37777777777777777	0.05	0.1111111111111111	0.15555555555555556	0.06666666666666667	0.044444444444444446	0.044444444444444446	
0.026747195858498704	0.03364969801553063	0.03192407247627265	0.548748921484038	0.023295944779982744	0.10698878343399482	0.15789473684210525	0.022433132010353754	0.015530629853321829	0.03278688524590164	
0.030864197530864196	0.037037037037037035	0.030864197530864196	0.3148148148148148	0.05864197530864197	0.08950617283950617	0.06790123456790123	0.037037037037037035	0.2654320987654321	0.06790123456790123	
0.0481283422459893	0.0374331550802139	0.026737967914438502	0.4919786096256685	0.03208556149732621	0.026737967914438502	0.15240641711229946	0.12299465240641712	0.016042780748663103	0.045454545454545456	
0.028846153846153848	0.038461538461538464	0.03365384615384615	0.1778846153846154	0.0673076923076923	0.03365384615384615	0.3269230769230769	0.17307692307692307	0.028846153846153848	0.09134615384615384	
0.015384615384615385	0.03296703296703297	0.017582417582417582	0.5010989010989011	0.03956043956043956	0.046153846153846156	0.24615384615384617	0.05274725274725275	0.013186813186813187	0.035164835164835165	
0.044444444444444446	0.04814814814814815	0.044444444444444446	0.48148148148148145	0.044444444444444446	0.02962962962962963	0.1962962962962963	0.07037037037037037	0.018518518518518517	0.022222222222222223	
0.04722792607802875	0.1540041067761807	0.039014373716632446	0.48459958932238195	0.022587268993839837	0.028747433264887063	0.1601642710472279	0.03490759753593429	0.012320328542094456	0.01642710472279261	
0.03553299492385787	0.025380710659898477	0.04060913705583756	0.5803722504230119	0.023688663282571912	0.030456852791878174	0.18781725888324874	0.030456852791878174	0.01015228426395939	0.03553299492385787	
0.025974025974025976	0.015584415584415584	0.05194805194805195	0.6051948051948052	0.03636363636363636	0.05194805194805195	0.09350649350649351	0.05454545454545454	0.025974025974025976	0.03896103896103896	
0.03914893617021276	0.01957446808510638	0.01872340425531915	0.6374468085106383	0.013617021276595745	0.02127659574468085	0.19829787234042554	0.01276595744680851	0.005957446808510639	0.033191489361702124	
0.03926701570680628	0.06544502617801047	0.05235602094240838	0.36387434554973824	0.031413612565445025	0.04450261780104712	0.049738219895287955	0.060209424083769635	0.24607329842931938	0.04712041884816754	
0.061224489795918366	0.03741496598639456	0.03741496598639456	0.3707482993197279	0.047619047619047616	0.023809523809523808	0.29931972789115646	0.061224489795918366	0.023809523809523808	0.03741496598639456	
0.04609929078014184	0.04964539007092199	0.03546099290780142	0.48226950354609927	0.031914893617021274	0.09219858156028368	0.05673758865248227	0.07446808510638298	0.031914893617021274	0.09929078014184398	
0.04731457800511509	0.0319693094629156	0.03580562659846547	0.49232736572890023	0.07033248081841433	0.015345268542199489	0.23529411764705882	0.021739130434782608	0.011508951406649617	0.03836317135549872	
0.014736842105263158	0.06947368421052631	0.029473684210526315	0.5747368421052632	0.029473684210526315	0.03368421052631579	0.14736842105263157	0.04421052631578947	0.018947368421052633	0.037894736842105266	
0.06521739130434782	0.06521739130434782	0.059782608695652176	0.45108695652173914	0.08152173913043478	0.08152173913043478	0.07065217391304347	0.05434782608695652	0.03804347826086957	0.03260869565217391	
0.10662824207492795	0.025936599423631124	0.020172910662824207	0.47262247838616717	0.040345821325648415	0.06628242074927954	0.14985590778097982	0.04899135446685879	0.025936599423631124	0.043227665706051875	
0.04419889502762431	0.03314917127071823	0.07734806629834254	0.3756906077348066	0.07734806629834254	0.08287292817679558	0.11049723756906077	0.055248618784530384	0.08839779005524862	0.055248618784530384	
0.05291005291005291	0.06349206349206349	0.07407407407407407	0.291005291005291	0.06349206349206349	0.07936507936507936	0.06878306878306878	0.037037037037037035	0.07407407407407407	0.19576719576719576	
0.07534246575342465	0.07990867579908675	0.0502283105022831	0.4018264840182648	0.04794520547945205	0.0776255707762557	0.0547945205479452	0.0365296803652968	0.05251141552511415	0.1232876712328767	
0.08	0.07	0.1	0.26	0.05	0.07	0.13	0.08	0.07	0.09	
0.07042253521126761	0.035211267605633804	0.04225352112676056	0.21830985915492956	0.056338028169014086	0.18309859154929578	0.18309859154929578	0.07042253521126761	0.04929577464788732	0.09154929577464789	
0.08009153318077804	0.032036613272311214	0.041189931350114416	0.17620137299771166	0.02517162471395881	0.13958810068649885	0.42105263157894735	0.041189931350114416	0.013729977116704805	0.029748283752860413	
0.03546099290780142	0.04491725768321513	0.06382978723404255	0.28132387706855794	0.03309692671394799	0.24349881796690306	0.19621749408983452	0.03546099290780142	0.018912529550827423	0.04728132387706856	
0.057803468208092484	0.03468208092485549	0.03468208092485549	0.2909441233140655	0.038535645472061654	0.07514450867052024	0.04238921001926782	0.02119460500963391	0.35067437379576105	0.05394990366088632	
0.023809523809523808	0.026785714285714284	0.041666666666666664	0.24404761904761904	0.03571428571428571	0.044642857142857144	0.1488095238095238	0.2857142857142857	0.03273809523809524	0.11607142857142858	
0.08585055643879173	0.06677265500794913	0.07313195548489666	0.03656597774244833	0.028616852146263912	0.22098569157392686	0.16375198728139906	0.18282988871224165	0.04451510333863275	0.09697933227344992	
0.047337278106508875	0.047337278106508875	0.05325443786982249	0.14792899408284024	0.07692307692307693	0.05917159763313609	0.27218934911242604	0.1834319526627219	0.04142011834319527	0.07100591715976332	
0.18269230769230768	0.04807692307692308	0.11538461538461539	0.15384615384615385	0.057692307692307696	0.07692307692307693	0.07692307692307693	0.17307692307692307	0.057692307692307696	0.057692307692307696	
0.035381750465549346	0.035381750465549346	0.0335195530726257	0.27932960893854747	0.037243947858473	0.054003724394785846	0.24953445065176907	0.21415270018621974	0.0186219739292365	0.04283054003724395	
0.027257240204429302	0.056218057921635436	0.034071550255536626	0.15843270868824533	0.030664395229982964	0.022146507666098807	0.28449744463373083	0.3577512776831346	0.008517887563884156	0.020442930153321975	
0.04424778761061947	0.0471976401179941	0.04424778761061947	0.14749262536873156	0.07669616519174041	0.038348082595870206	0.22123893805309736	0.30973451327433627	0.017699115044247787	0.05309734513274336	
0.019342359767891684	0.03868471953578337	0.0367504835589942	0.3965183752417795	0.02321083172147002	0.03288201160541586	0.07543520309477757	0.344294003868472	0.009671179883945842	0.02321083172147002	
0.03667953667953668	0.03861003861003861	0.04247104247104247	0.07722007722007722	0.023166023166023165	0.11003861003861004	0.0637065637065637	0.1969111969111969	0.35714285714285715	0.05405405405405406	
0.024475524475524476	0.027972027972027972	0.04195804195804196	0.25874125874125875	0.04195804195804196	0.03146853146853147	0.23776223776223776	0.26223776223776224	0.03496503496503497	0.038461538461538464	
0.04230769230769231	0.04230769230769231	0.057692307692307696	0.13846153846153847	0.08461538461538462	0.08076923076923077	0.08461538461538462	0.39615384615384613	0.023076923076923078	0.05	
0.023746701846965697	0.04221635883905013	0.0316622691292876	0.06068601583113457	0.021108179419525065	0.0316622691292876	0.23218997361477572	0.5092348284960422	0.013192612137203167	0.03430079155672823	
0.028846153846153848	0.08173076923076923	0.10576923076923077	0.09134615384615384	0.04807692307692308	0.04326923076923077	0.15384615384615385	0.3798076923076923	0.038461538461538464	0.028846153846153848	
0.016706443914081145	0.03341288782816229	0.07159904534606205	0.06443914081145585	0.045346062052505964	0.0405727923627685	0.22911694510739858	0.4606205250596659	0.011933174224343675	0.026252983293556086	
0.025559105431309903	0.15335463258785942	0.04153354632587859	0.03194888178913738	0.02875399361022364	0.025559105431309903	0.24920127795527156	0.38338658146964855	0.03194888178913738	0.02875399361022364	
0.02527075812274368	0.05415162454873646	0.018050541516245487	0.05776173285198556	0.032490974729241874	0.02888086642599278	0.18772563176895307	0.516245487364621	0.021660649819494584	0.05776173285198556	
0.03015075376884422	0.05527638190954774	0.03015075376884422	0.04522613065326633	0.04522613065326633	0.02512562814070352	0.21608040201005024	0.47738693467336685	0.035175879396984924	0.04020100502512563	
0.029723991507430998	0.050955414012738856	0.0870488322717622	0.04883227176220807	0.02335456475583864	0.029723991507430998	0.1932059447983015	0.47558386411889597	0.025477707006369428	0.036093418259023353	
0.07407407407407407	0.07407407407407407	0.06666666666666667	0.21481481481481482	0.05185185185185185	0.07407407407407407	0.06666666666666667	0.2074074074074074	0.0962962962962963	0.07407407407407407	
0.0392156862745098	0.04139433551198257	0.04357298474945534	0.2113289760348584	0.04139433551198257	0.06753812636165578	0.12854030501089325	0.30718954248366015	0.0196078431372549	0.10021786492374728	
0.03365384615384615	0.10576923076923077	0.057692307692307696	0.14903846153846154	0.02403846153846154	0.057692307692307696	0.17307692307692307	0.3317307692307692	0.038461538461538464	0.028846153846153848	
0.029473684210526315	0.04631578947368421	0.037894736842105266	0.12210526315789473	0.023157894736842106	0.04842105263157895	0.06736842105263158	0.29473684210526313	0.2736842105263158	0.056842105263157895	
0.046242774566473986	0.08092485549132948	0.10404624277456648	0.09826589595375723	0.057803468208092484	0.07514450867052024	0.09826589595375723	0.31213872832369943	0.028901734104046242	0.09826589595375723	
0.06666666666666667	0.025	0.08333333333333333	0.07916666666666666	0.04583333333333333	0.04583333333333333	0.25833333333333336	0.3416666666666667	0.020833333333333332	0.03333333333333333	
0.07142857142857142	0.03571428571428571	0.05357142857142857	0.047619047619047616	0.041666666666666664	0.02976190476190476	0.13095238095238096	0.49404761904761907	0.03571428571428571	0.05952380952380952	
0.07971014492753623	0.07246376811594203	0.04710144927536232	0.018115942028985508	0.04710144927536232	0.025362318840579712	0.2318840579710145	0.4057971014492754	0.028985507246376812	0.043478260869565216	
0.06751054852320675	0.07172995780590717	0.046413502109704644	0.05485232067510549	0.02531645569620253	0.05485232067510549	0.23628691983122363	0.38396624472573837	0.029535864978902954	0.029535864978902954	
0.02711864406779661	0.05254237288135593	0.0711864406779661	0.05254237288135593	0.04915254237288136	0.09491525423728814	0.27796610169491526	0.32372881355932204	0.02711864406779661	0.023728813559322035	
0.04716981132075472	0.05345911949685535	0.0660377358490566	0.08490566037735849	0.0220125786163522	0.09119496855345911	0.1069182389937107	0.279874213836478	0.20754716981132076	0.040880503144654086	
0.07894736842105263	0.10526315789473684	0.19736842105263158	0.11842105263157894	0.06578947368421052	0.09210526315789473	0.06578947368421052	0.10526315789473684	0.06578947368421052	0.10526315789473684	
0.055077452667814115	0.055077452667814115	0.3253012048192771	0.055077452667814115	0.09466437177280551	0.055077452667814115	0.055077452667814115	0.022375215146299483	0.0189328743545611	0.2633390705679862	
0.10037174721189591	0.03717472118959108	0.4423791821561338	0.02973977695167286	0.03717472118959108	0.06319702602230483	0.07806691449814127	0.03345724907063197	0.07063197026022305	0.10780669144981413	
0.0657439446366782	0.05190311418685121	0.5224913494809689	0.04844290657439446	0.0726643598615917	0.031141868512110725	0.10380622837370242	0.031141868512110725	0.031141868512110725	0.04152249134948097	
0.030303030303030304	0.06293706293706294	0.5058275058275058	0.03496503496503497	0.030303030303030304	0.09090909090909091	0.04895104895104895	0.046620046620046623	0.018648018648018648	0.13053613053613053	
0.05250596658711217	0.028639618138424822	0.4821002386634845	0.03341288782816229	0.04295942720763723	0.10501193317422435	0.0883054892601432	0.03579952267303103	0.02386634844868735	0.10739856801909307	
0.07258064516129033	0.056451612903225805	0.28225806451612906	0.06451612903225806	0.08064516129032258	0.18548387096774194	0.04838709677419355	0.056451612903225805	0.07258064516129033	0.08064516129032258	
0.06938775510204082	0.061224489795918366	0.27755102040816326	0.0326530612244898	0.04897959183673469	0.1510204081632653	0.08571428571428572	0.04081632653061224	0.061224489795918366	0.17142857142857143	
0.08477011494252873	0.07758620689655173	0.4396551724137931	0.07471264367816093	0.01867816091954023	0.12931034482758622	0.07471264367816093	0.040229885057471264	0.008620689655172414	0.05172413793103448	
0.04113924050632911	0.08544303797468354	0.254746835443038	0.060126582278481014	0.04113924050632911	0.020569620253164556	0.40348101265822783	0.05221518987341772	0.01740506329113924	0.023734177215189875	
0.05504587155963303	0.08256880733944955	0.13761467889908258	0.09174311926605505	0.045871559633027525	0.06422018348623854	0.06422018348623854	0.045871559633027525	0.3211009174311927	0.09174311926605505	
0.1157167530224525	0.15544041450777202	0.027633851468048358	0.03281519861830743	0.044905008635578586	0.20725388601036268	0.22107081174438686	0.06217616580310881	0.017271157167530225	0.1157167530224525	
0.0539906103286385	0.5258215962441315	0.06103286384976526	0.023474178403755867	0.03286384976525822	0.08685446009389672	0.13615023474178403	0.03755868544600939	0.018779342723004695	0.023474178403755867	
0.12286689419795221	0.4453924914675768	0.027303754266211604	0.051194539249146756	0.017064846416382253	0.10580204778156997	0.1552901023890785	0.04778156996587031	0.008532423208191127	0.01877133105802048	
0.32918395573997233	0.06500691562932227	0.07745504840940526	0.04979253112033195	0.05255878284923928	0.1313969571230982	0.12448132780082988	0.03872752420470263	0.016597510373443983	0.11479944674965421	
0.07111111111111111	0.08	0.05333333333333334	0.044444444444444446	0.10222222222222223	0.10222222222222223	0.03111111111111111	0.05333333333333334	0.20444444444444446	0.2577777777777778	
0.15384615384615385	0.3	0.046153846153846156	0.12307692307692308	0.038461538461538464	0.06923076923076923	0.1	0.06923076923076923	0.05384615384615385	0.046153846153846156	
0.07894736842105263	0.10526315789473684	0.2631578947368421	0.13157894736842105	0.07894736842105263	0.06578947368421052	0.06578947368421052	0.07894736842105263	0.06578947368421052	0.06578947368421052	
0.07207207207207207	0.0990990990990991	0.22522522522522523	0.10810810810810811	0.07207207207207207	0.06306306306306306	0.06306306306306306	0.05405405405405406	0.06306306306306306	0.18018018018018017	
0.05319148936170213	0.06382978723404255	0.35106382978723405	0.11702127659574468	0.09574468085106383	0.05319148936170213	0.06382978723404255	0.05319148936170213	0.06382978723404255	0.0851063829787234	
0.045454545454545456	0.09090909090909091	0.4155844155844156	0.03896103896103896	0.1038961038961039	0.07792207792207792	0.05844155844155844	0.03896103896103896	0.05194805194805195	0.07792207792207792	
0.07228915662650602	0.0783132530120482	0.4036144578313253	0.04819277108433735	0.09036144578313253	0.06626506024096386	0.07228915662650602	0.03614457831325301	0.04216867469879518	0.09036144578313253	
0.03780718336483932	0.09262759924385633	0.5973534971644613	0.05860113421550094	0.024574669187145556	0.06427221172022685	0.06805293005671077	0.013232514177693762	0.011342155009451797	0.03213610586011342	
0.041666666666666664	0.06666666666666667	0.5291666666666667	0.05	0.05	0.041666666666666664	0.05	0.05416666666666667	0.029166666666666667	0.0875	
0.037199124726477024	0.09846827133479212	0.5995623632385121	0.0437636761487965	0.01312910284463895	0.019693654266958426	0.12035010940919037	0.015317286652078774	0.01312910284463895	0.03938730853391685	
0.038461538461538464	0.20833333333333334	0.1987179487179487	0.035256410256410256	0.03205128205128205	0.13782051282051283	0.15064102564102563	0.11858974358974358	0.022435897435897436	0.057692307692307696	
0.07517482517482517	0.20454545454545456	0.3741258741258741	0.02972027972027972	0.03496503496503497	0.012237762237762238	0.2062937062937063	0.027972027972027972	0.012237762237762238	0.022727272727272728	
0.03954802259887006	0.12429378531073447	0.1864406779661017	0.06779661016949153	0.0903954802259887	0.062146892655367235	0.06779661016949153	0.03389830508474576	0.2711864406779661	0.05649717514124294	
0.06995884773662552	0.024691358024691357	0.4897119341563786	0.0411522633744856	0.04938271604938271	0.05761316872427984	0.08641975308641975	0.04938271604938271	0.053497942386831275	0.07818930041152264	
0.09803921568627451	0.0784313725490196	0.3235294117647059	0.06862745098039216	0.0784313725490196	0.06862745098039216	0.0784313725490196	0.049019607843137254	0.06862745098039216	0.08823529411764706	
0.11510791366906475	0.05515587529976019	0.37889688249400477	0.026378896882494004	0.06235011990407674	0.03357314148681055	0.16546762589928057	0.045563549160671464	0.06474820143884892	0.05275779376498801	
0.04365079365079365	0.04365079365079365	0.5912698412698413	0.031746031746031744	0.03968253968253968	0.023809523809523808	0.09523809523809523	0.07539682539682539	0.023809523809523808	0.031746031746031744	
0.05625	0.021875	0.515625	0.040625	0.021875	0.01875	0.13125	0.15	0.01875	0.025	
0.04794520547945205	0.0547945205479452	0.3698630136986301	0.0547945205479452	0.0273972602739726	0.0273972602739726	0.25	0.09931506849315068	0.023972602739726026	0.04452054794520548	
0.025423728813559324	0.030508474576271188	0.5661016949152542	0.04067796610169491	0.011864406779661017	0.05254237288135593	0.14576271186440679	0.03898305084745763	0.00847457627118644	0.07966101694915254	
0.031026252983293555	0.028639618138424822	0.5632458233890215	0.03818615751789976	0.028639618138424822	0.02386634844868735	0.16467780429594273	0.057279236276849645	0.014319809069212411	0.050119331742243436	
0.06839186691312385	0.031423290203327174	0.46395563770794823	0.031423290203327174	0.04436229205175601	0.07578558225508318	0.1922365988909427	0.053604436229205174	0.022181146025878003	0.0166358595194085	
0.03303964757709251	0.028634361233480177	0.15638766519823788	0.024229074889867842	0.022026431718061675	0.028634361233480177	0.07929515418502203	0.039647577092511016	0.5462555066079295	0.04185022026431718	
0.019337016574585635	0.015613740091280326	0.02257987028585155	0.04780206581791977	0.010929618063896229	0.01633437424933942	0.004323804948354552	0.01981743934662503	0.8087917367283209	0.03447033389382657	
0.020287621982537238	0.13610683102208526	0.05187467899332306	0.47380585516178736	0.02285567539804828	0.11171032357473036	0.01566512583461736	0.14355418592706728	0.015921931176168466	0.008217770929635337	
0.18232044198895028	0.2292817679558011	0.03038674033149171	0.08011049723756906	0.12154696132596685	0.06353591160220995	0.1408839779005525	0.024861878453038673	0.019337016574585635	0.10773480662983426	
0.07473309608540925	0.1387900355871886	0.1103202846975089	0.1387900355871886	0.07829181494661921	0.12455516014234876	0.1103202846975089	0.028469750889679714	0.046263345195729534	0.1494661921708185	
0.1232876712328767	0.1232876712328767	0.0821917808219178	0.1643835616438356	0.0684931506849315	0.0684931506849315	0.1232876712328767	0.0958904109589041	0.0684931506849315	0.0821917808219178	
0.3895522388059702	0.13134328358208955	0.04328358208955224	0.07313432835820896	0.08208955223880597	0.07014925373134329	0.09253731343283582	0.026865671641791045	0.03134328358208955	0.05970149253731343	
0.19078947368421054	0.3092105263157895	0.07236842105263158	0.03618421052631579	0.046052631578947366	0.07894736842105263	0.14144736842105263	0.029605263157894735	0.02631578947368421	0.06907894736842106	
0.1972972972972973	0.2	0.024324324324324326	0.13783783783783785	0.04594594594594595	0.15405405405405406	0.13243243243243244	0.043243243243243246	0.016216216216216217	0.04864864864864865	
0.455	0.0325	0.04	0.0525	0.045	0.115	0.0975	0.025	0.0625	0.075	
0.07709251101321586	0.5616740088105727	0.02643171806167401	0.03524229074889868	0.019823788546255508	0.05947136563876652	0.15198237885462554	0.01762114537444934	0.013215859030837005	0.037444933920704845	
0.25301204819277107	0.1144578313253012	0.08433734939759036	0.04216867469879518	0.060240963855421686	0.0963855421686747	0.14457831325301204	0.04216867469879518	0.03614457831325301	0.12650602409638553	
0.356	0.164	0.036	0.084	0.028	0.072	0.104	0.056	0.02	0.08	
0.2471264367816092	0.29310344827586204	0.040229885057471264	0.05172413793103448	0.040229885057471264	0.06321839080459771	0.11494252873563218	0.05172413793103448	0.034482758620689655	0.06321839080459771	
0.3060747663551402	0.1658878504672897	0.053738317757009345	0.02336448598130841	0.0514018691588785	0.09813084112149532	0.19158878504672897	0.0630841121495327	0.02336448598130841	0.02336448598130841	
0.23317307692307693	0.1346153846153846	0.04326923076923077	0.05048076923076923	0.04326923076923077	0.11298076923076923	0.055288461538461536	0.019230769230769232	0.25240384615384615	0.055288461538461536	
0.3333333333333333	0.18333333333333332	0.0375	0.05	0.0625	0.07916666666666666	0.1125	0.041666666666666664	0.03333333333333333	0.06666666666666667	
0.17380352644836272	0.3350125944584383	0.1385390428211587	0.05037783375314862	0.05289672544080604	0.04030226700251889	0.10075566750629723	0.037783375314861464	0.027707808564231738	0.042821158690176324	
0.48727272727272725	0.12363636363636364	0.05454545454545454	0.01818181818181818	0.06181818181818182	0.07272727272727272	0.08363636363636363	0.04363636363636364	0.02909090909090909	0.025454545454545455	
0.35626535626535627	0.20393120393120392	0.05405405405405406	0.012285012285012284	0.04176904176904177	0.08845208845208845	0.12776412776412777	0.06633906633906633	0.019656019656019656	0.029484029484029485	
0.36585365853658536	0.056910569105691054	0.08130081300813008	0.056910569105691054	0.056910569105691054	0.0975609756097561	0.0975609756097561	0.06504065040650407	0.056910569105691054	0.06504065040650407	
0.3526570048309179	0.05314009661835749	0.0966183574879227	0.04830917874396135	0.04830917874396135	0.13526570048309178	0.16908212560386474	0.028985507246376812	0.024154589371980676	0.043478260869565216	
0.20588235294117646	0.08823529411764706	0.08823529411764706	0.07352941176470588	0.08823529411764706	0.10294117647058823	0.08823529411764706	0.07352941176470588	0.11764705882352941	0.07352941176470588	
0.297029702970297	0.09570957095709572	0.0627062706270627	0.039603960396039604	0.036303630363036306	0.04950495049504951	0.32673267326732675	0.039603960396039604	0.033003300330033	0.019801980198019802	
0.2484472049689441	0.15217391304347827	0.031055900621118012	0.031055900621118012	0.024844720496894408	0.049689440993788817	0.3695652173913043	0.040372670807453416	0.031055900621118012	0.021739130434782608	
0.4140625	0.08203125	0.03515625	0.0234375	0.05078125	0.07421875	0.21484375	0.0390625	0.0234375	0.04296875	
0.3778801843317972	0.1336405529953917	0.027649769585253458	0.07373271889400922	0.06451612903225806	0.06912442396313365	0.12903225806451613	0.03686635944700461	0.03225806451612903	0.055299539170506916	
0.21120689655172414	0.05172413793103448	0.03879310344827586	0.09482758620689655	0.09913793103448276	0.07327586206896551	0.08620689655172414	0.07327586206896551	0.22844827586206898	0.04310344827586207	
0.05508474576271186	0.4110169491525424	0.0847457627118644	0.08050847457627118	0.038135593220338986	0.08050847457627118	0.05508474576271186	0.059322033898305086	0.046610169491525424	0.08898305084745763	
0.036065573770491806	0.49836065573770494	0.09508196721311475	0.07213114754098361	0.06229508196721312	0.07540983606557378	0.05245901639344262	0.01639344262295082	0.029508196721311476	0.06229508196721312	
0.019704433497536946	0.6469622331691297	0.054187192118226604	0.026272577996715927	0.03284072249589491	0.022988505747126436	0.12479474548440066	0.024630541871921183	0.011494252873563218	0.0361247947454844	
0.02531645569620253	0.6455696202531646	0.02531645569620253	0.03164556962025317	0.03481012658227848	0.04746835443037975	0.10759493670886076	0.028481012658227847	0.0189873417721519	0.03481012658227848	
0.03392330383480826	0.5191740412979351	0.084070796460177	0.035398230088495575	0.025073746312684365	0.02064896755162242	0.16224188790560473	0.04129793510324484	0.02359882005899705	0.05457227138643068	
0.06666666666666667	0.5791666666666667	0.041666666666666664	0.03125	0.022916666666666665	0.07708333333333334	0.12291666666666666	0.014583333333333334	0.0125	0.03125	
0.04819277108433735	0.43775100401606426	0.030120481927710843	0.02208835341365462	0.028112449799196786	0.09437751004016064	0.1927710843373494	0.028112449799196786	0.03413654618473896	0.08433734939759036	
0.049019607843137254	0.2875816993464052	0.0457516339869281	0.03594771241830065	0.0915032679738562	0.0457516339869281	0.06535947712418301	0.042483660130718956	0.26143790849673204	0.07516339869281045	
0.05604719764011799	0.5988200589970502	0.061946902654867256	0.058997050147492625	0.032448377581120944	0.06784660766961652	0.02654867256637168	0.029498525073746312	0.029498525073746312	0.038348082595870206	
0.17293233082706766	0.40852130325814534	0.047619047619047616	0.042606516290726815	0.03508771929824561	0.08771929824561403	0.10526315789473684	0.05513784461152882	0.022556390977443608	0.022556390977443608	
0.050359712230215826	0.381294964028777	0.06474820143884892	0.11510791366906475	0.04316546762589928	0.1079136690647482	0.1079136690647482	0.04316546762589928	0.03597122302158273	0.050359712230215826	
0.05161290322580645	0.27741935483870966	0.10967741935483871	0.11612903225806452	0.04516129032258064	0.05806451612903226	0.17419354838709677	0.09032258064516129	0.04516129032258064	0.03225806451612903	
0.10215053763440861	0.3333333333333333	0.06989247311827956	0.053763440860215055	0.11290322580645161	0.03763440860215054	0.10215053763440861	0.026881720430107527	0.03763440860215054	0.12365591397849462	
0.12087912087912088	0.43956043956043955	0.06043956043956044	0.03296703296703297	0.04395604395604396	0.027472527472527472	0.15384615384615385	0.04945054945054945	0.027472527472527472	0.04395604395604396	
0.11186440677966102	0.488135593220339	0.0711864406779661	0.03728813559322034	0.023728813559322035	0.03728813559322034	0.1288135593220339	0.03389830508474576	0.020338983050847456	0.04745762711864407	
0.04225352112676056	0.5117370892018779	0.03755868544600939	0.03286384976525822	0.04225352112676056	0.03755868544600939	0.19718309859154928	0.03755868544600939	0.028169014084507043	0.03286384976525822	
0.0625	0.5576923076923077	0.038461538461538464	0.038461538461538464	0.052884615384615384	0.038461538461538464	0.09134615384615384	0.028846153846153848	0.02403846153846154	0.0673076923076923	
0.04878048780487805	0.6796008869179601	0.02106430155210643	0.05321507760532151	0.014412416851441241	0.01662971175166297	0.10753880266075388	0.038802660753880266	0.009977827050997782	0.009977827050997782	
0.021739130434782608	0.42028985507246375	0.05434782608695652	0.06884057971014493	0.021739130434782608	0.04891304347826087	0.10869565217391304	0.050724637681159424	0.18115942028985507	0.02355072463768116	
0.11811023622047244	0.051181102362204724	0.051181102362204724	0.051181102362204724	0.08267716535433071	0.0984251968503937	0.37401574803149606	0.09055118110236221	0.031496062992125984	0.051181102362204724	
0.09967845659163987	0.18006430868167203	0.04501607717041801	0.05787781350482315	0.15112540192926044	0.01929260450160772	0.28938906752411575	0.022508038585209004	0.02572347266881029	0.10932475884244373	
0.0962962962962963	0.04814814814814815	0.04814814814814815	0.02962962962962963	0.05185185185185185	0.05185185185185185	0.5296296296296297	0.08518518518518518	0.025925925925925925	0.03333333333333333	
0.10552763819095477	0.04522613065326633	0.04020100502512563	0.1407035175879397	0.03015075376884422	0.16080402010050251	0.2814070351758794	0.10552763819095477	0.05025125628140704	0.04020100502512563	
0.06875	0.0625	0.04375	0.1375	0.05625	0.08125	0.39375	0.08125	0.0375	0.0375	
0.12698412698412698	0.026455026455026454	0.031746031746031744	0.042328042328042326	0.031746031746031744	0.06349206349206349	0.43386243386243384	0.13756613756613756	0.047619047619047616	0.0582010582010582	
0.03597122302158273	0.10071942446043165	0.05755395683453238	0.05755395683453238	0.04316546762589928	0.15827338129496402	0.35251798561151076	0.10071942446043165	0.04316546762589928	0.050359712230215826	
0.04484304932735426	0.04932735426008968	0.06278026905829596	0.03139013452914798	0.053811659192825115	0.04484304932735426	0.547085201793722	0.11659192825112108	0.02242152466367713	0.026905829596412557	
0.07894736842105263	0.07017543859649122	0.07017543859649122	0.06140350877192982	0.043859649122807015	0.10526315789473684	0.2631578947368421	0.18421052631578946	0.05263157894736842	0.07017543859649122	
0.04262295081967213	0.03934426229508197	0.03934426229508197	0.029508196721311476	0.03934426229508197	0.05901639344262295	0.6098360655737705	0.08196721311475409	0.019672131147540985	0.03934426229508197	
0.07692307692307693	0.05128205128205128	0.05555555555555555	0.038461538461538464	0.029914529914529916	0.0811965811965812	0.5726495726495726	0.038461538461538464	0.021367521367521368	0.03418803418803419	
0.046511627906976744	0.19269102990033224	0.053156146179401995	0.053156146179401995	0.03986710963455149	0.03322259136212625	0.4485049833887043	0.09302325581395349	0.019933554817275746	0.019933554817275746	
0.09574468085106383	0.07446808510638298	0.05319148936170213	0.11702127659574468	0.06382978723404255	0.07446808510638298	0.2872340425531915	0.0851063829787234	0.07446808510638298	0.07446808510638298	
0.06962025316455696	0.0949367088607595	0.05063291139240506	0.0379746835443038	0.10759493670886076	0.10126582278481013	0.34810126582278483	0.10126582278481013	0.0379746835443038	0.05063291139240506	
0.04234527687296417	0.035830618892508145	0.016286644951140065	0.02768729641693811	0.029315960912052116	0.10097719869706841	0.6758957654723127	0.03745928338762215	0.011400651465798045	0.02280130293159609	
0.027777777777777776	0.05555555555555555	0.05555555555555555	0.03968253968253968	0.04365079365079365	0.06349206349206349	0.2619047619047619	0.1388888888888889	0.23015873015873015	0.08333333333333333	
0.1407035175879397	0.11055276381909548	0.07537688442211055	0.08542713567839195	0.06532663316582915	0.07537688442211055	0.271356783919598	0.08542713567839195	0.03015075376884422	0.06030150753768844	
