0.09836065573770492	0.19672131147540983	0.09836065573770492	0.08196721311475409	0.08196721311475409	0.08196721311475409	0.08196721311475409	0.09836065573770492	0.09836065573770492	0.08196721311475409	
0.057065217391304345	0.40942028985507245	0.17753623188405798	0.026268115942028984	0.036231884057971016	0.10235507246376811	0.03894927536231884	0.1068840579710145	0.010869565217391304	0.034420289855072464	
0.05825242718446602	0.2815533980582524	0.0970873786407767	0.07766990291262135	0.05825242718446602	0.07119741100323625	0.07119741100323625	0.21035598705501618	0.042071197411003236	0.032362459546925564	
0.13953488372093023	0.1511627906976744	0.11627906976744186	0.08139534883720931	0.11627906976744186	0.09302325581395349	0.05813953488372093	0.10465116279069768	0.08139534883720931	0.05813953488372093	
0.08	0.21	0.16	0.1	0.08	0.1	0.07	0.1	0.05	0.05	
0.05802047781569966	0.3378839590443686	0.11262798634812286	0.03754266211604096	0.13310580204778158	0.11945392491467577	0.04778156996587031	0.08873720136518772	0.040955631399317405	0.023890784982935155	
0.05818181818181818	0.3527272727272727	0.08	0.07636363636363637	0.11636363636363636	0.12	0.04363636363636364	0.05090909090909091	0.03636363636363636	0.06545454545454546	
0.07327586206896551	0.30603448275862066	0.09913793103448276	0.1939655172413793	0.05603448275862069	0.06896551724137931	0.07327586206896551	0.06896551724137931	0.02586206896551724	0.034482758620689655	
0.06115107913669065	0.23741007194244604	0.29856115107913667	0.03597122302158273	0.07553956834532374	0.10071942446043165	0.0539568345323741	0.0539568345323741	0.02158273381294964	0.06115107913669065	
0.12769784172661872	0.3920863309352518	0.0341726618705036	0.03597122302158273	0.06474820143884892	0.16366906474820145	0.02877697841726619	0.10071942446043165	0.017985611510791366	0.0341726618705036	
0.07407407407407407	0.2275132275132275	0.08465608465608465	0.09523809523809523	0.07936507936507936	0.08994708994708994	0.07936507936507936	0.1693121693121693	0.047619047619047616	0.05291005291005291	
0.088	0.272	0.064	0.056	0.048	0.152	0.056	0.128	0.08	0.056	
0.06363636363636363	0.2787878787878788	0.07878787878787878	0.07272727272727272	0.048484848484848485	0.07272727272727272	0.030303030303030304	0.2727272727272727	0.03636363636363636	0.045454545454545456	
0.04669260700389105	0.49416342412451364	0.08171206225680934	0.042801556420233464	0.04669260700389105	0.054474708171206226	0.023346303501945526	0.12840466926070038	0.0311284046692607	0.05058365758754864	
0.07867132867132867	0.3339160839160839	0.06643356643356643	0.04195804195804196	0.06818181818181818	0.08741258741258741	0.02972027972027972	0.21153846153846154	0.05944055944055944	0.022727272727272728	
0.07751937984496124	0.18604651162790697	0.046511627906976744	0.12403100775193798	0.24806201550387597	0.06976744186046512	0.06976744186046512	0.07751937984496124	0.05426356589147287	0.046511627906976744	
0.26688102893890675	0.15112540192926044	0.028938906752411574	0.08038585209003216	0.11254019292604502	0.17041800643086816	0.03536977491961415	0.04180064308681672	0.03215434083601286	0.08038585209003216	
0.06914893617021277	0.15425531914893617	0.09574468085106383	0.06914893617021277	0.16489361702127658	0.11170212765957446	0.0797872340425532	0.1276595744680851	0.06382978723404255	0.06382978723404255	
0.06512605042016807	0.31407563025210083	0.1638655462184874	0.04936974789915966	0.0661764705882353	0.07457983193277311	0.038865546218487396	0.17857142857142858	0.02415966386554622	0.025210084033613446	
0.027692307692307693	0.20307692307692307	0.14461538461538462	0.04	0.052307692307692305	0.3415384615384615	0.046153846153846156	0.07692307692307693	0.021538461538461538	0.046153846153846156	
0.041666666666666664	0.2875	0.15416666666666667	0.058333333333333334	0.0375	0.12083333333333333	0.08333333333333333	0.12916666666666668	0.058333333333333334	0.029166666666666667	
0.18796992481203006	0.15413533834586465	0.03759398496240601	0.03759398496240601	0.07518796992481203	0.10150375939849623	0.022556390977443608	0.2819548872180451	0.05263157894736842	0.04887218045112782	
0.11695906432748537	0.39473684210526316	0.038011695906432746	0.049707602339181284	0.06725146198830409	0.13157894736842105	0.03216374269005848	0.1023391812865497	0.043859649122807015	0.023391812865497075	
0.3601108033240997	0.23822714681440443	0.0221606648199446	0.036011080332409975	0.055401662049861494	0.07756232686980609	0.038781163434903045	0.08033240997229917	0.0332409972299169	0.05817174515235457	
0.40733590733590735	0.10424710424710425	0.02895752895752896	0.07722007722007722	0.08108108108108109	0.10231660231660232	0.0444015444015444	0.04054054054054054	0.0444015444015444	0.0694980694980695	
0.1889400921658986	0.19815668202764977	0.03225806451612903	0.027649769585253458	0.16129032258064516	0.16129032258064516	0.07834101382488479	0.03225806451612903	0.03225806451612903	0.08755760368663594	
0.12060301507537688	0.22613065326633167	0.10050251256281408	0.11055276381909548	0.10552763819095477	0.12562814070351758	0.035175879396984924	0.08542713567839195	0.04522613065326633	0.04522613065326633	
0.06143344709897611	0.4539249146757679	0.034129692832764506	0.05460750853242321	0.04436860068259386	0.03754266211604096	0.04778156996587031	0.18088737201365188	0.023890784982935155	0.06143344709897611	
0.12418300653594772	0.17647058823529413	0.0784313725490196	0.0784313725490196	0.0784313725490196	0.0718954248366013	0.058823529411764705	0.20915032679738563	0.0457516339869281	0.0784313725490196	
0.4346846846846847	0.15315315315315314	0.01126126126126126	0.10585585585585586	0.05405405405405406	0.12837837837837837	0.015765765765765764	0.024774774774774775	0.024774774774774775	0.0472972972972973	
0.22684310018903592	0.29867674858223064	0.01890359168241966	0.07372400756143667	0.08695652173913043	0.15311909262759923	0.020793950850661626	0.07372400756143667	0.011342155009451797	0.035916824196597356	
0.2672413793103448	0.06896551724137931	0.05172413793103448	0.12931034482758622	0.05172413793103448	0.08620689655172414	0.09482758620689655	0.07758620689655173	0.08620689655172414	0.08620689655172414	
0.16666666666666666	0.15625	0.08333333333333333	0.07291666666666667	0.10416666666666667	0.09375	0.09375	0.09375	0.052083333333333336	0.08333333333333333	
0.266025641025641	0.2564102564102564	0.04807692307692308	0.057692307692307696	0.10897435897435898	0.07692307692307693	0.07051282051282051	0.038461538461538464	0.041666666666666664	0.035256410256410256	
0.19607843137254902	0.20098039215686275	0.05392156862745098	0.08333333333333333	0.09313725490196079	0.16666666666666666	0.09313725490196079	0.03431372549019608	0.029411764705882353	0.049019607843137254	
0.09042553191489362	0.22872340425531915	0.07446808510638298	0.047872340425531915	0.09042553191489362	0.1595744680851064	0.15425531914893617	0.03723404255319149	0.05851063829787234	0.05851063829787234	
0.15302491103202848	0.3309608540925267	0.06405693950177936	0.03914590747330961	0.03914590747330961	0.15658362989323843	0.017793594306049824	0.10320284697508897	0.05693950177935943	0.03914590747330961	
0.09385113268608414	0.33980582524271846	0.03559870550161812	0.045307443365695796	0.13268608414239483	0.1650485436893204	0.04854368932038835	0.045307443365695796	0.03559870550161812	0.05825242718446602	
0.16593886462882096	0.17903930131004367	0.048034934497816595	0.056768558951965066	0.0611353711790393	0.1703056768558952	0.11353711790393013	0.03056768558951965	0.07860262008733625	0.09606986899563319	
0.16273584905660377	0.3018867924528302	0.07547169811320754	0.05660377358490566	0.03773584905660377	0.14622641509433962	0.04716981132075472	0.030660377358490566	0.0660377358490566	0.07547169811320754	
0.13953488372093023	0.27325581395348836	0.03488372093023256	0.03488372093023256	0.05232558139534884	0.1686046511627907	0.0872093023255814	0.09883720930232558	0.05813953488372093	0.05232558139534884	
0.1289198606271777	0.2264808362369338	0.03832752613240418	0.07665505226480836	0.14634146341463414	0.10452961672473868	0.059233449477351915	0.059233449477351915	0.09059233449477352	0.06968641114982578	
0.0761904761904762	0.1261904761904762	0.02142857142857143	0.08333333333333333	0.10476190476190476	0.45	0.023809523809523808	0.030952380952380953	0.030952380952380953	0.05238095238095238	
0.15164835164835164	0.18021978021978022	0.03076923076923077	0.07472527472527472	0.12527472527472527	0.3120879120879121	0.015384615384615385	0.03296703296703297	0.026373626373626374	0.05054945054945055	
0.07039337474120083	0.18840579710144928	0.028985507246376812	0.08902691511387163	0.13664596273291926	0.36438923395445133	0.024844720496894408	0.037267080745341616	0.033126293995859216	0.026915113871635612	
0.03461538461538462	0.1423076923076923	0.04230769230769231	0.2076923076923077	0.1	0.35	0.019230769230769232	0.03076923076923077	0.038461538461538464	0.03461538461538462	
0.0515695067264574	0.0515695067264574	0.02242152466367713	0.13004484304932734	0.12780269058295965	0.4730941704035874	0.04035874439461883	0.03587443946188341	0.020179372197309416	0.04708520179372197	
0.05042016806722689	0.16526610644257703	0.0392156862745098	0.18207282913165265	0.13165266106442577	0.08123249299719888	0.05042016806722689	0.12044817927170869	0.03081232492997199	0.1484593837535014	
0.0546448087431694	0.08743169398907104	0.060109289617486336	0.12568306010928962	0.0546448087431694	0.3333333333333333	0.0273224043715847	0.03278688524590164	0.04371584699453552	0.18032786885245902	
0.07128712871287128	0.12277227722772277	0.01782178217821782	0.26534653465346536	0.04554455445544554	0.2693069306930693	0.08514851485148515	0.04356435643564356	0.0297029702970297	0.04950495049504951	
0.06521739130434782	0.050724637681159424	0.07971014492753623	0.1956521739130435	0.08695652173913043	0.2463768115942029	0.10144927536231885	0.07971014492753623	0.050724637681159424	0.043478260869565216	
0.08870967741935484	0.10483870967741936	0.07258064516129033	0.2903225806451613	0.06451612903225806	0.14516129032258066	0.04032258064516129	0.04032258064516129	0.04838709677419355	0.10483870967741936	
0.05460750853242321	0.15358361774744028	0.027303754266211604	0.21160409556313994	0.05802047781569966	0.32764505119453924	0.017064846416382253	0.017064846416382253	0.034129692832764506	0.09897610921501707	
0.0759493670886076	0.12658227848101267	0.08860759493670886	0.13924050632911392	0.06329113924050633	0.10126582278481013	0.0759493670886076	0.0759493670886076	0.08860759493670886	0.16455696202531644	
0.06578947368421052	0.08333333333333333	0.08771929824561403	0.30701754385964913	0.05701754385964912	0.2149122807017544	0.06140350877192982	0.043859649122807015	0.03070175438596491	0.04824561403508772	
0.20379965457685664	0.12607944732297063	0.02072538860103627	0.3281519861830743	0.02936096718480138	0.17271157167530224	0.044905008635578586	0.012089810017271158	0.018998272884283247	0.04317789291882556	
0.15654952076677317	0.23322683706070288	0.051118210862619806	0.07667731629392971	0.13099041533546327	0.11182108626198083	0.06389776357827476	0.07987220447284345	0.038338658146964855	0.05750798722044728	
0.05555555555555555	0.2152777777777778	0.20833333333333334	0.10069444444444445	0.04513888888888889	0.13194444444444445	0.059027777777777776	0.09375	0.041666666666666664	0.04861111111111111	
0.02952029520295203	0.16974169741697417	0.1881918819188192	0.05350553505535055	0.02214022140221402	0.26014760147601473	0.03136531365313653	0.15867158671586715	0.042435424354243544	0.04428044280442804	
0.033426183844011144	0.2479108635097493	0.18384401114206128	0.055710306406685235	0.06963788300835655	0.12813370473537605	0.11420612813370473	0.10863509749303621	0.016713091922005572	0.04178272980501393	
0.037698412698412696	0.09325396825396826	0.17857142857142858	0.17261904761904762	0.037698412698412696	0.2123015873015873	0.051587301587301584	0.03571428571428571	0.031746031746031744	0.1488095238095238	
0.0472972972972973	0.0945945945945946	0.16891891891891891	0.14864864864864866	0.12162162162162163	0.21621621621621623	0.0472972972972973	0.0472972972972973	0.0472972972972973	0.060810810810810814	
0.058823529411764705	0.13725490196078433	0.19607843137254902	0.11764705882352941	0.09803921568627451	0.11764705882352941	0.11764705882352941	0.049019607843137254	0.058823529411764705	0.049019607843137254	
0.08333333333333333	0.09722222222222222	0.16666666666666666	0.08333333333333333	0.125	0.125	0.06944444444444445	0.06944444444444445	0.1111111111111111	0.06944444444444445	
0.020958083832335328	0.2125748502994012	0.281437125748503	0.0688622754491018	0.05089820359281437	0.1497005988023952	0.05688622754491018	0.08383233532934131	0.02694610778443114	0.04790419161676647	
0.027586206896551724	0.10344827586206896	0.2896551724137931	0.05517241379310345	0.06206896551724138	0.15517241379310345	0.10344827586206896	0.0896551724137931	0.07586206896551724	0.03793103448275862	
0.03409090909090909	0.13825757575757575	0.10227272727272728	0.07386363636363637	0.03977272727272727	0.30113636363636365	0.20643939393939395	0.03598484848484849	0.030303030303030304	0.03787878787878788	
0.022151898734177215	0.060126582278481014	0.06962025316455696	0.05379746835443038	0.03481012658227848	0.5759493670886076	0.07278481012658228	0.028481012658227847	0.04430379746835443	0.0379746835443038	
0.043151969981238276	0.04127579737335835	0.0375234521575985	0.1200750469043152	0.03189493433395872	0.6078799249530957	0.028142589118198873	0.02626641651031895	0.0225140712945591	0.04127579737335835	
0.07333333333333333	0.05333333333333334	0.04	0.06	0.05333333333333334	0.54	0.03333333333333333	0.04	0.04666666666666667	0.06	
0.04556962025316456	0.10126582278481013	0.04810126582278481	0.1291139240506329	0.10126582278481013	0.41012658227848103	0.035443037974683546	0.05822784810126582	0.02278481012658228	0.04810126582278481	
0.03718199608610567	0.05283757338551859	0.0821917808219178	0.0958904109589041	0.01761252446183953	0.5303326810176126	0.050880626223091974	0.03131115459882583	0.03522504892367906	0.06653620352250489	
0.05596107055961071	0.1922141119221411	0.051094890510948905	0.1070559610705596	0.043795620437956206	0.14841849148418493	0.26034063260340634	0.058394160583941604	0.0364963503649635	0.046228710462287104	
0.07330827067669173	0.05639097744360902	0.09210526315789473	0.05827067669172932	0.02631578947368421	0.5319548872180451	0.016917293233082706	0.05639097744360902	0.039473684210526314	0.04887218045112782	
0.08333333333333333	0.12179487179487179	0.23717948717948717	0.057692307692307696	0.05128205128205128	0.15384615384615385	0.07692307692307693	0.057692307692307696	0.10897435897435898	0.05128205128205128	
0.12025316455696203	0.08227848101265822	0.0949367088607595	0.10759493670886076	0.056962025316455694	0.20253164556962025	0.10759493670886076	0.0759493670886076	0.08227848101265822	0.06962025316455696	
0.11739130434782609	0.043478260869565216	0.23043478260869565	0.0782608695652174	0.1	0.21739130434782608	0.04782608695652174	0.030434782608695653	0.06956521739130435	0.06521739130434782	
0.06862745098039216	0.12745098039215685	0.2696078431372549	0.16176470588235295	0.058823529411764705	0.0661764705882353	0.056372549019607844	0.09068627450980392	0.051470588235294115	0.049019607843137254	
0.043209876543209874	0.09259259259259259	0.25308641975308643	0.1111111111111111	0.11728395061728394	0.12962962962962962	0.07407407407407407	0.09259259259259259	0.030864197530864196	0.05555555555555555	
0.04128440366972477	0.05504587155963303	0.3394495412844037	0.12844036697247707	0.05504587155963303	0.2018348623853211	0.045871559633027525	0.05045871559633028	0.05045871559633028	0.03211009174311927	
0.08	0.14666666666666667	0.06666666666666667	0.08	0.06666666666666667	0.10666666666666667	0.17333333333333334	0.13333333333333333	0.06666666666666667	0.08	
0.31446540880503143	0.0660377358490566	0.0220125786163522	0.08490566037735849	0.0440251572327044	0.3238993710691824	0.050314465408805034	0.02830188679245283	0.0220125786163522	0.0440251572327044	
0.2553191489361702	0.2127659574468085	0.031914893617021274	0.0797872340425532	0.05851063829787234	0.1276595744680851	0.06382978723404255	0.07446808510638298	0.047872340425531915	0.047872340425531915	
0.0379746835443038	0.17721518987341772	0.06329113924050633	0.15822784810126583	0.10126582278481013	0.1518987341772152	0.0379746835443038	0.06329113924050633	0.08227848101265822	0.12658227848101267	
0.11952191235059761	0.15139442231075698	0.027888446215139442	0.17131474103585656	0.12350597609561753	0.1752988047808765	0.02390438247011952	0.027888446215139442	0.05976095617529881	0.11952191235059761	
0.04054054054054054	0.060810810810810814	0.05405405405405406	0.28378378378378377	0.05405405405405406	0.22972972972972974	0.06756756756756757	0.060810810810810814	0.06756756756756757	0.08108108108108109	
0.1	0.144	0.032	0.128	0.064	0.16	0.036	0.044	0.04	0.252	
0.05917159763313609	0.15384615384615385	0.05917159763313609	0.09467455621301775	0.07692307692307693	0.14792899408284024	0.15384615384615385	0.029585798816568046	0.0650887573964497	0.15976331360946747	
0.0625	0.21875	0.0390625	0.0703125	0.09375	0.078125	0.1015625	0.0546875	0.078125	0.203125	
0.10909090909090909	0.19393939393939394	0.04242424242424243	0.08484848484848485	0.07878787878787878	0.10909090909090909	0.07272727272727272	0.08484848484848485	0.04242424242424243	0.18181818181818182	
0.05844155844155844	0.16558441558441558	0.03896103896103896	0.12987012987012986	0.09740259740259741	0.10064935064935066	0.1525974025974026	0.06493506493506493	0.09415584415584416	0.09740259740259741	
0.02074688796680498	0.04771784232365145	0.058091286307053944	0.16182572614107885	0.022821576763485476	0.27385892116182575	0.07053941908713693	0.06639004149377593	0.04564315352697095	0.23236514522821577	
0.07251908396946564	0.15267175572519084	0.183206106870229	0.04961832061068702	0.09923664122137404	0.14122137404580154	0.04580152671755725	0.0648854961832061	0.030534351145038167	0.16030534351145037	
0.06535947712418301	0.0915032679738562	0.13071895424836602	0.08496732026143791	0.06535947712418301	0.19607843137254902	0.1437908496732026	0.0718954248366013	0.0392156862745098	0.1111111111111111	
0.10344827586206896	0.08620689655172414	0.08620689655172414	0.1206896551724138	0.08620689655172414	0.10344827586206896	0.13793103448275862	0.08620689655172414	0.08620689655172414	0.10344827586206896	
0.050724637681159424	0.12318840579710146	0.07246376811594203	0.12318840579710146	0.043478260869565216	0.2318840579710145	0.08695652173913043	0.036231884057971016	0.050724637681159424	0.18115942028985507	
0.07526881720430108	0.10483870967741936	0.0456989247311828	0.10752688172043011	0.03763440860215054	0.11290322580645161	0.0913978494623656	0.03763440860215054	0.053763440860215055	0.3333333333333333	
0.046052631578947366	0.17105263157894737	0.05921052631578947	0.07236842105263158	0.046052631578947366	0.25	0.19736842105263158	0.07236842105263158	0.03289473684210526	0.05263157894736842	
0.0749063670411985	0.04119850187265917	0.07865168539325842	0.16104868913857678	0.0449438202247191	0.4307116104868914	0.04868913857677903	0.018726591760299626	0.04868913857677903	0.052434456928838954	
0.056074766355140186	0.08411214953271028	0.102803738317757	0.12149532710280374	0.102803738317757	0.17757009345794392	0.09345794392523364	0.04672897196261682	0.08411214953271028	0.1308411214953271	
0.045112781954887216	0.07518796992481203	0.05263157894736842	0.06766917293233082	0.08270676691729323	0.46616541353383456	0.03759398496240601	0.045112781954887216	0.07518796992481203	0.05263157894736842	
0.04047619047619048	0.05	0.05476190476190476	0.08333333333333333	0.030952380952380953	0.5071428571428571	0.04047619047619048	0.0380952380952381	0.04047619047619048	0.11428571428571428	
0.032520325203252036	0.06910569105691057	0.036585365853658534	0.1910569105691057	0.07723577235772358	0.35365853658536583	0.04065040650406504	0.04065040650406504	0.024390243902439025	0.13414634146341464	
0.04487179487179487	0.08974358974358974	0.08974358974358974	0.08333333333333333	0.0641025641025641	0.358974358974359	0.0641025641025641	0.0641025641025641	0.08333333333333333	0.057692307692307696	
0.028142589118198873	0.08442776735459662	0.03564727954971857	0.34896810506566606	0.1050656660412758	0.24765478424015008	0.0525328330206379	0.028142589118198873	0.039399624765478425	0.0300187617260788	
0.032196969696969696	0.375	0.03787878787878788	0.07196969696969698	0.1268939393939394	0.045454545454545456	0.06439393939393939	0.18181818181818182	0.043560606060606064	0.020833333333333332	
0.05217391304347826	0.5478260869565217	0.03188405797101449	0.02318840579710145	0.03188405797101449	0.08695652173913043	0.0463768115942029	0.11014492753623188	0.03768115942028986	0.03188405797101449	
0.042352941176470586	0.46352941176470586	0.01647058823529412	0.05411764705882353	0.02823529411764706	0.07764705882352942	0.07764705882352942	0.07058823529411765	0.08470588235294117	0.08470588235294117	
0.0621301775147929	0.3875739644970414	0.03550295857988166	0.03254437869822485	0.05917159763313609	0.08875739644970414	0.05621301775147929	0.16272189349112426	0.06804733727810651	0.047337278106508875	
0.041304347826086954	0.5434782608695652	0.02391304347826087	0.013043478260869565	0.06086956521739131	0.15434782608695652	0.021739130434782608	0.02608695652173913	0.05	0.06521739130434782	
0.03664921465968586	0.48429319371727747	0.041884816753926704	0.03926701570680628	0.03664921465968586	0.17539267015706805	0.02617801047120419	0.05235602094240838	0.07329842931937172	0.034031413612565446	
0.012779552715654952	0.4169329073482428	0.04792332268370607	0.054313099041533544	0.04952076677316294	0.13578274760383385	0.04952076677316294	0.054313099041533544	0.052715654952076675	0.12619808306709265	
0.0990990990990991	0.4189189189189189	0.02702702702702703	0.04504504504504504	0.07657657657657657	0.02702702702702703	0.0945945945945946	0.12162162162162163	0.04504504504504504	0.04504504504504504	
0.08411214953271028	0.4392523364485981	0.028037383177570093	0.037383177570093455	0.07476635514018691	0.04205607476635514	0.06074766355140187	0.14485981308411214	0.028037383177570093	0.06074766355140187	
0.06680584551148225	0.3757828810020877	0.037578288100208766	0.09603340292275574	0.07515657620041753	0.0918580375782881	0.06680584551148225	0.05636743215031315	0.04592901878914405	0.08768267223382047	
0.09523809523809523	0.3904761904761905	0.06666666666666667	0.11428571428571428	0.0380952380952381	0.06190476190476191	0.0380952380952381	0.09523809523809523	0.047619047619047616	0.05238095238095238	
0.049689440993788817	0.5046583850931677	0.024844720496894408	0.052795031055900624	0.07608695652173914	0.08385093167701864	0.08850931677018634	0.062111801242236024	0.018633540372670808	0.03881987577639751	
0.049079754601226995	0.43558282208588955	0.04294478527607362	0.049079754601226995	0.09815950920245399	0.09202453987730061	0.04294478527607362	0.09815950920245399	0.06134969325153374	0.03067484662576687	
0.05056179775280899	0.34269662921348315	0.028089887640449437	0.07865168539325842	0.14606741573033707	0.08426966292134831	0.033707865168539325	0.09550561797752809	0.056179775280898875	0.08426966292134831	
0.0392156862745098	0.36470588235294116	0.0392156862745098	0.058823529411764705	0.17254901960784313	0.08235294117647059	0.08627450980392157	0.0784313725490196	0.03529411764705882	0.043137254901960784	
0.04783258594917788	0.3617339312406577	0.04185351270553064	0.01195814648729447	0.2436472346786248	0.05829596412556054	0.07772795216741404	0.08071748878923767	0.04035874439461883	0.03587443946188341	
0.0175	0.345	0.0825	0.03	0.09	0.0475	0.0575	0.22	0.045	0.065	
0.05056179775280899	0.39325842696629215	0.056179775280898875	0.033707865168539325	0.056179775280898875	0.08426966292134831	0.06179775280898876	0.15168539325842698	0.06741573033707865	0.0449438202247191	
0.07171314741035857	0.18725099601593626	0.049800796812749	0.037848605577689244	0.049800796812749	0.0398406374501992	0.40039840637450197	0.053784860557768925	0.06573705179282868	0.043824701195219126	
0.03819444444444445	0.3715277777777778	0.05555555555555555	0.03125	0.08333333333333333	0.0763888888888889	0.06597222222222222	0.14930555555555555	0.08680555555555555	0.041666666666666664	
0.13414634146341464	0.17073170731707318	0.0975609756097561	0.07317073170731707	0.0975609756097561	0.12195121951219512	0.08536585365853659	0.07317073170731707	0.07317073170731707	0.07317073170731707	
0.03954802259887006	0.21468926553672316	0.0903954802259887	0.096045197740113	0.096045197740113	0.192090395480226	0.062146892655367235	0.062146892655367235	0.0847457627118644	0.062146892655367235	
0.024024024024024024	0.3108108108108108	0.09684684684684684	0.17717717717717718	0.10735735735735735	0.12687687687687688	0.03753753753753754	0.02927927927927928	0.04279279279279279	0.0472972972972973	
0.0423861852433281	0.4301412872841444	0.05337519623233909	0.0423861852433281	0.16169544740973313	0.06593406593406594	0.02197802197802198	0.06907378335949764	0.054945054945054944	0.058084772370486655	
0.047872340425531915	0.14893617021276595	0.14361702127659576	0.06382978723404255	0.0425531914893617	0.0797872340425532	0.0851063829787234	0.26063829787234044	0.047872340425531915	0.0797872340425532	
0.08247422680412371	0.3446244477172312	0.033873343151693665	0.030927835051546393	0.11782032400589101	0.042709867452135494	0.047128129602356406	0.18851251840942562	0.045655375552282766	0.0662739322533137	
0.03211009174311927	0.48853211009174313	0.022935779816513763	0.020642201834862386	0.08256880733944955	0.1353211009174312	0.052752293577981654	0.09403669724770643	0.0481651376146789	0.022935779816513763	
0.08528784648187633	0.3837953091684435	0.07249466950959488	0.03411513859275053	0.1044776119402985	0.03837953091684435	0.06183368869936034	0.11300639658848614	0.057569296375266525	0.04904051172707889	
0.03625377643504532	0.3293051359516616	0.07854984894259819	0.07250755287009064	0.09969788519637462	0.12386706948640483	0.04833836858006042	0.12084592145015106	0.06646525679758308	0.02416918429003021	
0.07635467980295567	0.2315270935960591	0.09359605911330049	0.04433497536945813	0.1477832512315271	0.08866995073891626	0.07389162561576355	0.14532019704433496	0.03940886699507389	0.059113300492610835	
0.06282722513089005	0.23036649214659685	0.031413612565445025	0.031413612565445025	0.14136125654450263	0.06806282722513089	0.08376963350785341	0.1099476439790576	0.15706806282722513	0.08376963350785341	
0.0446927374301676	0.12290502793296089	0.0782122905027933	0.11731843575418995	0.0782122905027933	0.21787709497206703	0.0335195530726257	0.055865921787709494	0.055865921787709494	0.19553072625698323	
0.020876826722338204	0.1649269311064718	0.13778705636743216	0.0709812108559499	0.07724425887265135	0.16701461377870563	0.037578288100208766	0.05219206680584551	0.03966597077244259	0.23173277661795408	
0.10236220472440945	0.1889763779527559	0.05511811023622047	0.07086614173228346	0.07874015748031496	0.12598425196850394	0.12598425196850394	0.06299212598425197	0.07874015748031496	0.11023622047244094	
0.039383561643835614	0.1506849315068493	0.0273972602739726	0.05136986301369863	0.0547945205479452	0.285958904109589	0.07363013698630137	0.02910958904109589	0.04794520547945205	0.23972602739726026	
0.07024793388429752	0.08264462809917356	0.049586776859504134	0.1446280991735537	0.07851239669421488	0.07024793388429752	0.11570247933884298	0.05371900826446281	0.07024793388429752	0.2644628099173554	
0.05459770114942529	0.08045977011494253	0.08620689655172414	0.22988505747126436	0.03735632183908046	0.14942528735632185	0.05172413793103448	0.05172413793103448	0.08333333333333333	0.1752873563218391	
0.061946902654867256	0.061946902654867256	0.07964601769911504	0.11504424778761062	0.07079646017699115	0.1592920353982301	0.061946902654867256	0.04424778761061947	0.07964601769911504	0.26548672566371684	
0.04081632653061224	0.17142857142857143	0.23673469387755103	0.044897959183673466	0.036734693877551024	0.1346938775510204	0.07346938775510205	0.053061224489795916	0.061224489795918366	0.1469387755102041	
0.041189931350114416	0.07093821510297482	0.036613272311212815	0.04805491990846682	0.06407322654462243	0.20823798627002288	0.10297482837528604	0.04805491990846682	0.05491990846681922	0.32494279176201374	
0.08558558558558559	0.1036036036036036	0.03153153153153153	0.11261261261261261	0.06306306306306306	0.28378378378378377	0.07207207207207207	0.02702702702702703	0.0945945945945946	0.12612612612612611	
0.04794520547945205	0.07534246575342465	0.0821917808219178	0.0684931506849315	0.0410958904109589	0.2945205479452055	0.04794520547945205	0.04794520547945205	0.08904109589041095	0.2054794520547945	
0.034653465346534656	0.10891089108910891	0.054455445544554455	0.06930693069306931	0.039603960396039604	0.3316831683168317	0.14356435643564355	0.04455445544554455	0.04455445544554455	0.12871287128712872	
0.09411764705882353	0.07058823529411765	0.07058823529411765	0.09411764705882353	0.058823529411764705	0.15294117647058825	0.08235294117647059	0.07058823529411765	0.07058823529411765	0.23529411764705882	
0.1044776119402985	0.04477611940298507	0.04975124378109453	0.18407960199004975	0.06467661691542288	0.15422885572139303	0.12935323383084577	0.0845771144278607	0.05472636815920398	0.12935323383084577	
0.05217391304347826	0.09565217391304348	0.05217391304347826	0.11739130434782609	0.06956521739130435	0.13043478260869565	0.10869565217391304	0.06956521739130435	0.05217391304347826	0.25217391304347825	
0.021164021164021163	0.11375661375661375	0.13227513227513227	0.07142857142857142	0.15079365079365079	0.14814814814814814	0.10052910052910052	0.047619047619047616	0.12962962962962962	0.08465608465608465	
0.05	0.2111111111111111	0.05	0.10555555555555556	0.03888888888888889	0.12222222222222222	0.09444444444444444	0.05555555555555555	0.044444444444444446	0.22777777777777777	
0.03155339805825243	0.35436893203883496	0.1262135922330097	0.07281553398058252	0.09466019417475728	0.0825242718446602	0.05339805825242718	0.11165048543689321	0.05339805825242718	0.019417475728155338	
0.11133200795228629	0.24254473161033796	0.27236580516898606	0.03180914512922465	0.04970178926441352	0.1610337972166998	0.019880715705765408	0.03180914512922465	0.03777335984095427	0.041749502982107355	
0.052770448548812667	0.40369393139841686	0.0395778364116095	0.11345646437994723	0.09498680738786279	0.11345646437994723	0.03430079155672823	0.07651715039577836	0.04221635883905013	0.029023746701846966	
0.05303030303030303	0.24242424242424243	0.06818181818181818	0.045454545454545456	0.06818181818181818	0.05303030303030303	0.07575757575757576	0.15151515151515152	0.17424242424242425	0.06818181818181818	
0.031413612565445025	0.2617801047120419	0.12041884816753927	0.031413612565445025	0.07853403141361257	0.10471204188481675	0.07853403141361257	0.08376963350785341	0.08900523560209424	0.12041884816753927	
0.05027932960893855	0.18994413407821228	0.20670391061452514	0.0670391061452514	0.0893854748603352	0.10614525139664804	0.055865921787709494	0.05027932960893855	0.11731843575418995	0.0670391061452514	
0.04263565891472868	0.32170542635658916	0.050387596899224806	0.050387596899224806	0.06976744186046512	0.08914728682170543	0.11627906976744186	0.07364341085271318	0.09302325581395349	0.09302325581395349	
0.09090909090909091	0.12987012987012986	0.09090909090909091	0.06493506493506493	0.09090909090909091	0.09090909090909091	0.12987012987012986	0.14285714285714285	0.07792207792207792	0.09090909090909091	
0.04439746300211417	0.3171247357293869	0.16701902748414377	0.0613107822410148	0.019027484143763214	0.12050739957716702	0.06553911205073996	0.14799154334038056	0.02959830866807611	0.02748414376321353	
0.051587301587301584	0.4642857142857143	0.14814814814814814	0.031746031746031744	0.021164021164021163	0.08994708994708994	0.04365079365079365	0.10317460317460317	0.027777777777777776	0.018518518518518517	
0.06666666666666667	0.21333333333333335	0.12	0.06666666666666667	0.06666666666666667	0.10666666666666667	0.09333333333333334	0.08	0.06666666666666667	0.12	
0.08038976857490865	0.53836784409257	0.047503045066991476	0.013398294762484775	0.05481120584652863	0.07551766138855055	0.029232643118148598	0.09622411693057248	0.030450669914738125	0.0341047503045067	
0.038461538461538464	0.4423076923076923	0.11538461538461539	0.03076923076923077	0.06538461538461539	0.11538461538461539	0.04230769230769231	0.046153846153846156	0.046153846153846156	0.057692307692307696	
0.05574912891986063	0.43205574912891986	0.03484320557491289	0.027874564459930314	0.03832752613240418	0.1254355400696864	0.05574912891986063	0.12195121951219512	0.05226480836236934	0.05574912891986063	
0.09547738693467336	0.2814070351758794	0.1708542713567839	0.06532663316582915	0.10552763819095477	0.06532663316582915	0.04522613065326633	0.09045226130653267	0.04020100502512563	0.04020100502512563	
0.05434782608695652	0.30434782608695654	0.09782608695652174	0.06521739130434782	0.06521739130434782	0.07608695652173914	0.08695652173913043	0.14130434782608695	0.05434782608695652	0.05434782608695652	
0.039473684210526314	0.4780701754385965	0.05263157894736842	0.04824561403508772	0.13596491228070176	0.10964912280701754	0.02631578947368421	0.04824561403508772	0.02631578947368421	0.03508771929824561	
0.04700854700854701	0.4722222222222222	0.07264957264957266	0.021367521367521368	0.0641025641025641	0.053418803418803416	0.038461538461538464	0.12393162393162394	0.06623931623931624	0.0405982905982906	
0.05057471264367816	0.33793103448275863	0.05057471264367816	0.02528735632183908	0.0896551724137931	0.0735632183908046	0.04827586206896552	0.21839080459770116	0.05517241379310345	0.05057471264367816	
0.04092526690391459	0.5088967971530249	0.0800711743772242	0.02491103202846975	0.06583629893238434	0.06405693950177936	0.03914590747330961	0.10320284697508897	0.02491103202846975	0.04804270462633452	
0.10091743119266056	0.30275229357798167	0.05504587155963303	0.06422018348623854	0.06422018348623854	0.11926605504587157	0.07339449541284404	0.09174311926605505	0.07339449541284404	0.05504587155963303	
0.08695652173913043	0.32608695652173914	0.05434782608695652	0.03804347826086957	0.04891304347826087	0.08695652173913043	0.07608695652173914	0.14130434782608695	0.07065217391304347	0.07065217391304347	
0.06941431670281996	0.1540130151843818	0.08026030368763558	0.13665943600867678	0.06724511930585683	0.052060737527114966	0.10412147505422993	0.2299349240780911	0.039045553145336226	0.06724511930585683	
0.10049423393739704	0.12355848434925865	0.06754530477759473	0.13673805601317957	0.014827018121911038	0.047775947281713346	0.2273476112026359	0.22899505766062603	0.019769357495881382	0.032948929159802305	
0.11177644710578842	0.4351297405189621	0.03792415169660679	0.1596806387225549	0.03792415169660679	0.043912175648702596	0.015968063872255488	0.0718562874251497	0.011976047904191617	0.07385229540918163	
0.08490566037735849	0.22877358490566038	0.09198113207547169	0.33490566037735847	0.031839622641509434	0.06485849056603774	0.01650943396226415	0.07900943396226415	0.031839622641509434	0.03537735849056604	
0.2033898305084746	0.14745762711864407	0.01694915254237288	0.4152542372881356	0.023728813559322035	0.05423728813559322	0.022033898305084745	0.015254237288135594	0.01694915254237288	0.0847457627118644	
0.053691275167785234	0.09228187919463088	0.06375838926174497	0.1342281879194631	0.05536912751677853	0.21140939597315436	0.24496644295302014	0.050335570469798654	0.040268456375838924	0.053691275167785234	
0.07792207792207792	0.1645021645021645	0.05627705627705628	0.09090909090909091	0.04329004329004329	0.10822510822510822	0.15151515151515152	0.21645021645021645	0.04329004329004329	0.047619047619047616	
0.05458515283842795	0.05895196506550218	0.05458515283842795	0.12445414847161572	0.03711790393013101	0.039301310043668124	0.47161572052401746	0.06986899563318777	0.03711790393013101	0.05240174672489083	
0.1641025641025641	0.11282051282051282	0.07692307692307693	0.13846153846153847	0.041025641025641026	0.05641025641025641	0.13846153846153847	0.035897435897435895	0.05641025641025641	0.1794871794871795	
0.037037037037037035	0.022222222222222223	0.06666666666666667	0.2851851851851852	0.05555555555555555	0.24074074074074073	0.17407407407407408	0.037037037037037035	0.05555555555555555	0.025925925925925925	
0.07534246575342465	0.08904109589041095	0.0547945205479452	0.0547945205479452	0.11643835616438356	0.3561643835616438	0.06164383561643835	0.0410958904109589	0.0821917808219178	0.0684931506849315	
0.03428571428571429	0.045714285714285714	0.10285714285714286	0.10285714285714286	0.045714285714285714	0.38857142857142857	0.06857142857142857	0.045714285714285714	0.045714285714285714	0.12	
0.06756756756756757	0.06756756756756757	0.0945945945945946	0.12162162162162163	0.08108108108108109	0.28378378378378377	0.06756756756756757	0.08108108108108109	0.06756756756756757	0.06756756756756757	
0.022727272727272728	0.056818181818181816	0.08712121212121213	0.3371212121212121	0.041666666666666664	0.26136363636363635	0.045454545454545456	0.01893939393939394	0.026515151515151516	0.10227272727272728	
0.06451612903225806	0.026881720430107527	0.06451612903225806	0.1881720430107527	0.06989247311827956	0.3655913978494624	0.03225806451612903	0.043010752688172046	0.03763440860215054	0.10752688172043011	
0.046948356807511735	0.03286384976525822	0.028169014084507043	0.10328638497652583	0.07511737089201878	0.4507042253521127	0.04225352112676056	0.023474178403755867	0.07981220657276995	0.11737089201877934	
0.03550295857988166	0.047337278106508875	0.0650887573964497	0.22485207100591717	0.09467455621301775	0.30177514792899407	0.0650887573964497	0.03550295857988166	0.07100591715976332	0.05917159763313609	
0.05056179775280899	0.033707865168539325	0.13202247191011235	0.19382022471910113	0.05337078651685393	0.33146067415730335	0.03089887640449438	0.025280898876404494	0.03651685393258427	0.11235955056179775	
0.07575757575757576	0.09090909090909091	0.07575757575757576	0.19696969696969696	0.09090909090909091	0.09090909090909091	0.09090909090909091	0.09090909090909091	0.09090909090909091	0.10606060606060606	
0.04477611940298507	0.07960199004975124	0.03482587064676617	0.2935323383084577	0.06467661691542288	0.14925373134328357	0.12935323383084577	0.06965174129353234	0.07960199004975124	0.05472636815920398	
0.07575757575757576	0.06818181818181818	0.045454545454545456	0.14393939393939395	0.05303030303030303	0.22727272727272727	0.06818181818181818	0.11363636363636363	0.045454545454545456	0.1590909090909091	
0.06190476190476191	0.09523809523809523	0.0761904761904762	0.3238095238095238	0.06190476190476191	0.10476190476190476	0.12380952380952381	0.06190476190476191	0.0380952380952381	0.05238095238095238	
0.046413502109704644	0.08438818565400844	0.05907172995780591	0.31223628691983124	0.0759493670886076	0.10970464135021098	0.0970464135021097	0.08016877637130802	0.0970464135021097	0.0379746835443038	
0.038461538461538464	0.038461538461538464	0.08791208791208792	0.14835164835164835	0.04395604395604396	0.09340659340659341	0.4230769230769231	0.04395604395604396	0.038461538461538464	0.04395604395604396	
0.061855670103092786	0.04639175257731959	0.04639175257731959	0.4587628865979381	0.05154639175257732	0.07216494845360824	0.12371134020618557	0.05154639175257732	0.05154639175257732	0.03608247422680412	
0.21428571428571427	0.09183673469387756	0.03571428571428571	0.20918367346938777	0.04591836734693878	0.16326530612244897	0.030612244897959183	0.0663265306122449	0.04081632653061224	0.10204081632653061	
0.11627906976744186	0.09302325581395349	0.06976744186046512	0.09302325581395349	0.05813953488372093	0.1511627906976744	0.09302325581395349	0.10465116279069768	0.11627906976744186	0.10465116279069768	
0.17985611510791366	0.039568345323741004	0.025179856115107913	0.22661870503597123	0.02877697841726619	0.22302158273381295	0.05755395683453238	0.06474820143884892	0.046762589928057555	0.1079136690647482	
