0.09836065573770492	0.09836065573770492	0.11475409836065574	0.08196721311475409	0.08196721311475409	0.08196721311475409	0.09836065573770492	0.08196721311475409	0.18032786885245902	0.08196721311475409	
0.057065217391304345	0.06340579710144928	0.021739130434782608	0.07155797101449275	0.034420289855072464	0.022644927536231884	0.11503623188405797	0.03170289855072464	0.5235507246376812	0.058876811594202896	
0.038834951456310676	0.05825242718446602	0.05825242718446602	0.07766990291262135	0.04854368932038835	0.032362459546925564	0.18122977346278318	0.045307443365695796	0.4045307443365696	0.05501618122977346	
0.06976744186046512	0.11627906976744186	0.06976744186046512	0.1511627906976744	0.09302325581395349	0.05813953488372093	0.10465116279069768	0.08139534883720931	0.16279069767441862	0.09302325581395349	
0.07	0.09	0.06	0.26	0.05	0.06	0.1	0.07	0.18	0.06	
0.051194539249146756	0.07849829351535836	0.03754266211604096	0.05460750853242321	0.05460750853242321	0.12286689419795221	0.10580204778156997	0.040955631399317405	0.3822525597269625	0.07167235494880546	
0.09818181818181818	0.05818181818181818	0.04	0.07272727272727272	0.07636363636363637	0.06545454545454546	0.06181818181818182	0.03272727272727273	0.4290909090909091	0.06545454545454546	
0.05603448275862069	0.08189655172413793	0.07758620689655173	0.07758620689655173	0.1896551724137931	0.07758620689655173	0.10344827586206896	0.05172413793103448	0.25862068965517243	0.02586206896551724	
0.03237410071942446	0.08633093525179857	0.03237410071942446	0.09352517985611511	0.0539568345323741	0.046762589928057555	0.26618705035971224	0.03597122302158273	0.26618705035971224	0.08633093525179857	
0.05755395683453238	0.14388489208633093	0.048561151079136694	0.08812949640287769	0.07733812949640288	0.014388489208633094	0.06654676258992806	0.017985611510791366	0.4550359712230216	0.030575539568345324	
0.06878306878306878	0.08994708994708994	0.06349206349206349	0.10582010582010581	0.042328042328042326	0.05291005291005291	0.12169312169312169	0.047619047619047616	0.3439153439153439	0.06349206349206349	
0.096	0.08	0.04	0.072	0.08	0.04	0.16	0.08	0.28	0.072	
0.10606060606060606	0.030303030303030304	0.048484848484848485	0.06060606060606061	0.03939393939393939	0.04242424242424243	0.22727272727272727	0.030303030303030304	0.3484848484848485	0.06666666666666667	
0.0622568093385214	0.07392996108949416	0.05058365758754864	0.1517509727626459	0.05058365758754864	0.0311284046692607	0.07782101167315175	0.05058365758754864	0.36964980544747084	0.08171206225680934	
0.026223776223776224	0.08566433566433566	0.05244755244755245	0.24125874125874125	0.03671328671328671	0.06818181818181818	0.0472027972027972	0.02972027972027972	0.38636363636363635	0.026223776223776224	
0.06201550387596899	0.06201550387596899	0.05426356589147287	0.05426356589147287	0.13178294573643412	0.24031007751937986	0.06976744186046512	0.06976744186046512	0.20155038759689922	0.05426356589147287	
0.03215434083601286	0.3408360128617363	0.03215434083601286	0.05466237942122187	0.10289389067524116	0.05466237942122187	0.05466237942122187	0.03858520900321544	0.2347266881028939	0.05466237942122187	
0.14361702127659576	0.0851063829787234	0.06914893617021277	0.031914893617021274	0.0425531914893617	0.07446808510638298	0.20212765957446807	0.0797872340425532	0.19680851063829788	0.07446808510638298	
0.07878151260504201	0.05567226890756303	0.03571428571428571	0.15021008403361344	0.045168067226890755	0.0273109243697479	0.19327731092436976	0.028361344537815126	0.3445378151260504	0.04096638655462185	
0.055384615384615386	0.03076923076923077	0.027692307692307693	0.03076923076923077	0.07692307692307693	0.055384615384615386	0.12615384615384614	0.04923076923076923	0.2553846153846154	0.2923076923076923	
0.04583333333333333	0.04583333333333333	0.0875	0.08333333333333333	0.041666666666666664	0.041666666666666664	0.1375	0.04583333333333333	0.42083333333333334	0.05	
0.09022556390977443	0.10526315789473684	0.06015037593984962	0.11654135338345864	0.04887218045112782	0.06766917293233082	0.14661654135338345	0.07518796992481203	0.22932330827067668	0.06015037593984962	
0.06725146198830409	0.1695906432748538	0.038011695906432746	0.21637426900584794	0.04093567251461988	0.04678362573099415	0.05555555555555555	0.04678362573099415	0.28362573099415206	0.03508771929824561	
0.0886426592797784	0.3684210526315789	0.027700831024930747	0.09141274238227147	0.030470914127423823	0.04986149584487535	0.05817174515235457	0.04155124653739612	0.21329639889196675	0.030470914127423823	
0.03861003861003861	0.47297297297297297	0.0444015444015444	0.052123552123552123	0.059845559845559844	0.05405405405405406	0.021235521235521235	0.03667953667953668	0.1640926640926641	0.055984555984555984	
0.055299539170506916	0.22119815668202766	0.08294930875576037	0.03225806451612903	0.06912442396313365	0.03225806451612903	0.05069124423963134	0.06912442396313365	0.30414746543778803	0.08294930875576037	
0.06532663316582915	0.21608040201005024	0.04020100502512563	0.04522613065326633	0.07035175879396985	0.06030150753768844	0.12562814070351758	0.06532663316582915	0.2864321608040201	0.02512562814070352	
0.10238907849829351	0.023890784982935155	0.07849829351535836	0.16723549488054607	0.030716723549488054	0.03754266211604096	0.07849829351535836	0.027303754266211604	0.39590443686006827	0.05802047781569966	
0.12418300653594772	0.13071895424836602	0.05228758169934641	0.1568627450980392	0.0457516339869281	0.05228758169934641	0.1437908496732026	0.06535947712418301	0.16993464052287582	0.058823529411764705	
0.18243243243243243	0.33783783783783783	0.013513513513513514	0.060810810810810814	0.12162162162162163	0.015765765765765764	0.018018018018018018	0.02252252252252252	0.18243243243243243	0.04504504504504504	
0.11531190926275993	0.18714555765595464	0.026465028355387523	0.0888468809073724	0.0661625708884688	0.045368620037807186	0.03969754253308128	0.02835538752362949	0.3780718336483932	0.024574669187145556	
0.0603448275862069	0.2672413793103448	0.06896551724137931	0.11206896551724138	0.06896551724137931	0.0603448275862069	0.07758620689655173	0.08620689655172414	0.13793103448275862	0.0603448275862069	
0.125	0.14583333333333334	0.052083333333333336	0.07291666666666667	0.09375	0.07291666666666667	0.125	0.0625	0.1875	0.0625	
0.09294871794871795	0.28846153846153844	0.05448717948717949	0.08012820512820513	0.05448717948717949	0.05448717948717949	0.04807692307692308	0.04807692307692308	0.24358974358974358	0.035256410256410256	
0.09803921568627451	0.16666666666666666	0.06862745098039216	0.03431372549019608	0.1715686274509804	0.0392156862745098	0.0392156862745098	0.04411764705882353	0.27941176470588236	0.058823529411764705	
0.05319148936170213	0.09042553191489362	0.06382978723404255	0.0425531914893617	0.06914893617021277	0.05851063829787234	0.047872340425531915	0.047872340425531915	0.4787234042553192	0.047872340425531915	
0.0711743772241993	0.1387900355871886	0.028469750889679714	0.028469750889679714	0.07829181494661921	0.05338078291814947	0.08896797153024912	0.0498220640569395	0.43416370106761565	0.028469750889679714	
0.042071197411003236	0.12944983818770225	0.04854368932038835	0.03559870550161812	0.10032362459546926	0.09061488673139159	0.04854368932038835	0.04854368932038835	0.43042071197411	0.025889967637540454	
0.07423580786026202	0.11353711790393013	0.048034934497816595	0.043668122270742356	0.17903930131004367	0.07423580786026202	0.056768558951965066	0.034934497816593885	0.31004366812227074	0.06550218340611354	
0.1391509433962264	0.18867924528301888	0.04481132075471698	0.04009433962264151	0.10141509433962265	0.02358490566037736	0.07311320754716981	0.05660377358490566	0.25471698113207547	0.07783018867924528	
0.03488372093023256	0.09302325581395349	0.0755813953488372	0.11627906976744186	0.08139534883720931	0.03488372093023256	0.06395348837209303	0.05813953488372093	0.38953488372093026	0.05232558139534884	
0.041811846689895474	0.15331010452961671	0.0627177700348432	0.06620209059233449	0.14634146341463414	0.059233449477351915	0.0627177700348432	0.0975609756097561	0.2508710801393728	0.059233449477351915	
0.02619047619047619	0.10476190476190476	0.01904761904761905	0.05952380952380952	0.3547619047619048	0.047619047619047616	0.016666666666666666	0.03571428571428571	0.2523809523809524	0.08333333333333333	
0.05274725274725275	0.16483516483516483	0.013186813186813187	0.02197802197802198	0.23736263736263735	0.054945054945054944	0.02857142857142857	0.04395604395604396	0.3098901098901099	0.07252747252747253	
0.11180124223602485	0.045548654244306416	0.024844720496894408	0.026915113871635612	0.18633540372670807	0.12008281573498965	0.043478260869565216	0.022774327122153208	0.32712215320910976	0.09109730848861283	
0.03076923076923077	0.03461538461538462	0.046153846153846156	0.03461538461538462	0.4153846153846154	0.04230769230769231	0.03461538461538462	0.046153846153846156	0.27307692307692305	0.04230769230769231	
0.026905829596412557	0.10089686098654709	0.03811659192825112	0.03587443946188341	0.484304932735426	0.03139013452914798	0.033632286995515695	0.020179372197309416	0.16367713004484305	0.06502242152466367	
0.04201680672268908	0.04481792717086835	0.03081232492997199	0.0392156862745098	0.2689075630252101	0.08123249299719888	0.11484593837535013	0.0392156862745098	0.29971988795518206	0.0392156862745098	
0.04918032786885246	0.10382513661202186	0.0273224043715847	0.0273224043715847	0.3333333333333333	0.09836065573770492	0.04371584699453552	0.03825136612021858	0.1912568306010929	0.08743169398907104	
0.03564356435643564	0.0594059405940594	0.06732673267326733	0.02178217821782178	0.4415841584158416	0.039603960396039604	0.03564356435643564	0.031683168316831684	0.17425742574257425	0.09306930693069307	
0.043478260869565216	0.050724637681159424	0.057971014492753624	0.07246376811594203	0.4057971014492754	0.057971014492753624	0.09420289855072464	0.07971014492753623	0.08695652173913043	0.050724637681159424	
0.056451612903225805	0.08870967741935484	0.06451612903225806	0.056451612903225805	0.27419354838709675	0.06451612903225806	0.06451612903225806	0.06451612903225806	0.1693548387096774	0.0967741935483871	
0.030716723549488054	0.07508532423208192	0.027303754266211604	0.040955631399317405	0.34812286689419797	0.07167235494880546	0.020477815699658702	0.04778156996587031	0.22184300341296928	0.11604095563139932	
0.0759493670886076	0.06329113924050633	0.06329113924050633	0.06329113924050633	0.22784810126582278	0.0759493670886076	0.06329113924050633	0.08860759493670886	0.16455696202531644	0.11392405063291139	
0.05701754385964912	0.06578947368421052	0.06578947368421052	0.03508771929824561	0.38596491228070173	0.08771929824561403	0.07894736842105263	0.05263157894736842	0.14473684210526316	0.02631578947368421	
0.23488773747841105	0.08290155440414508	0.03281519861830743	0.024179620034542316	0.38341968911917096	0.05181347150259067	0.025906735751295335	0.024179620034542316	0.11917098445595854	0.02072538860103627	
0.07987220447284345	0.14376996805111822	0.10543130990415335	0.07987220447284345	0.04153354632587859	0.03194888178913738	0.0670926517571885	0.04792332268370607	0.3610223642172524	0.04153354632587859	
0.027777777777777776	0.052083333333333336	0.041666666666666664	0.04513888888888889	0.059027777777777776	0.03819444444444445	0.2013888888888889	0.059027777777777776	0.3020833333333333	0.1736111111111111	
0.01845018450184502	0.03136531365313653	0.03874538745387454	0.06088560885608856	0.06273062730627306	0.027675276752767528	0.16605166051660517	0.055350553505535055	0.3210332103321033	0.2177121771217712	
0.04456824512534819	0.033426183844011144	0.11977715877437325	0.03064066852367688	0.05013927576601671	0.05013927576601671	0.2395543175487465	0.025069637883008356	0.27019498607242337	0.13649025069637882	
0.025793650793650792	0.05357142857142857	0.03968253968253968	0.027777777777777776	0.21626984126984128	0.08531746031746032	0.08134920634920635	0.04365079365079365	0.17063492063492064	0.25595238095238093	
0.060810810810810814	0.10135135135135136	0.06756756756756757	0.05405405405405406	0.20270270270270271	0.060810810810810814	0.14864864864864866	0.06756756756756757	0.14864864864864866	0.08783783783783784	
0.058823529411764705	0.06862745098039216	0.09803921568627451	0.06862745098039216	0.058823529411764705	0.0784313725490196	0.16666666666666666	0.06862745098039216	0.13725490196078433	0.19607843137254902	
0.08333333333333333	0.08333333333333333	0.06944444444444445	0.06944444444444445	0.08333333333333333	0.08333333333333333	0.16666666666666666	0.1527777777777778	0.09722222222222222	0.1111111111111111	
0.020958083832335328	0.029940119760479042	0.04491017964071856	0.038922155688622756	0.06287425149700598	0.03592814371257485	0.19760479041916168	0.04790419161676647	0.3562874251497006	0.16467065868263472	
0.02413793103448276	0.03793103448275862	0.04482758620689655	0.04482758620689655	0.04827586206896552	0.03103448275862069	0.16896551724137931	0.03793103448275862	0.2620689655172414	0.3	
0.03787878787878788	0.030303030303030304	0.11363636363636363	0.017045454545454544	0.03787878787878788	0.03409090909090909	0.07954545454545454	0.07007575757575757	0.2859848484848485	0.2935606060606061	
0.04113924050632911	0.04746835443037975	0.0379746835443038	0.022151898734177215	0.08227848101265822	0.04113924050632911	0.04430379746835443	0.04746835443037975	0.14873417721518986	0.4873417721518987	
0.01876172607879925	0.0600375234521576	0.020637898686679174	0.04127579737335835	0.2326454033771107	0.01876172607879925	0.024390243902439025	0.01876172607879925	0.15196998123827393	0.41275797373358347	
0.04666666666666667	0.07333333333333333	0.05333333333333334	0.04666666666666667	0.18666666666666668	0.03333333333333333	0.04	0.04	0.1	0.38	
0.030379746835443037	0.04556962025316456	0.04556962025316456	0.060759493670886074	0.15443037974683543	0.060759493670886074	0.0379746835443038	0.017721518987341773	0.23291139240506328	0.3139240506329114	
0.015655577299412915	0.033268101761252444	0.029354207436399216	0.03913894324853229	0.2191780821917808	0.011741682974559686	0.03131115459882583	0.03131115459882583	0.15459882583170254	0.4344422700587084	
0.051094890510948905	0.043795620437956206	0.20194647201946472	0.05596107055961071	0.09975669099756691	0.051094890510948905	0.0705596107055961	0.0681265206812652	0.19951338199513383	0.15815085158150852	
0.03383458646616541	0.09398496240601503	0.018796992481203006	0.045112781954887216	0.2894736842105263	0.011278195488721804	0.03571428571428571	0.041353383458646614	0.16353383458646617	0.2669172932330827	
0.04487179487179487	0.05128205128205128	0.057692307692307696	0.057692307692307696	0.057692307692307696	0.05128205128205128	0.10256410256410256	0.07692307692307693	0.24358974358974358	0.2564102564102564	
0.10759493670886076	0.06329113924050633	0.04430379746835443	0.05063291139240506	0.10759493670886076	0.08860759493670886	0.08227848101265822	0.0949367088607595	0.1518987341772152	0.2088607594936709	
0.12173913043478261	0.08695652173913043	0.043478260869565216	0.05217391304347826	0.1608695652173913	0.11304347826086956	0.11304347826086956	0.043478260869565216	0.10869565217391304	0.1565217391304348	
0.041666666666666664	0.10049019607843138	0.09313725490196079	0.0392156862745098	0.0857843137254902	0.041666666666666664	0.25980392156862747	0.0784313725490196	0.1568627450980392	0.10294117647058823	
0.04938271604938271	0.08024691358024691	0.05555555555555555	0.08641975308641975	0.15432098765432098	0.08024691358024691	0.06172839506172839	0.043209876543209874	0.10493827160493827	0.2839506172839506	
0.045871559633027525	0.05045871559633028	0.03211009174311927	0.05045871559633028	0.0963302752293578	0.03211009174311927	0.2018348623853211	0.06880733944954129	0.12844036697247707	0.29357798165137616	
0.09333333333333334	0.06666666666666667	0.08	0.09333333333333334	0.08	0.06666666666666667	0.10666666666666667	0.06666666666666667	0.26666666666666666	0.08	
0.031446540880503145	0.29245283018867924	0.03459119496855346	0.03459119496855346	0.3805031446540881	0.0440251572327044	0.018867924528301886	0.025157232704402517	0.10062893081761007	0.03773584905660377	
0.0797872340425532	0.19680851063829788	0.047872340425531915	0.0425531914893617	0.05319148936170213	0.07446808510638298	0.06914893617021277	0.03723404255319149	0.32978723404255317	0.06914893617021277	
0.05063291139240506	0.0759493670886076	0.03164556962025317	0.12658227848101267	0.12658227848101267	0.10759493670886076	0.06329113924050633	0.056962025316455694	0.27848101265822783	0.08227848101265822	
0.07569721115537849	0.05179282868525897	0.035856573705179286	0.035856573705179286	0.24701195219123506	0.10358565737051793	0.02390438247011952	0.05179282868525897	0.2908366533864542	0.08366533864541832	
0.033783783783783786	0.0472972972972973	0.07432432432432433	0.05405405405405406	0.43243243243243246	0.060810810810810814	0.033783783783783786	0.07432432432432433	0.0945945945945946	0.0945945945945946	
0.072	0.044	0.056	0.04	0.356	0.104	0.044	0.036	0.184	0.064	
0.047337278106508875	0.05917159763313609	0.16568047337278108	0.04142011834319527	0.08284023668639054	0.10059171597633136	0.04142011834319527	0.11834319526627218	0.28994082840236685	0.05325443786982249	
0.0390625	0.046875	0.1171875	0.078125	0.1796875	0.1015625	0.0625	0.0703125	0.21875	0.0859375	
0.07878787878787878	0.09090909090909091	0.12727272727272726	0.05454545454545454	0.15757575757575756	0.12121212121212122	0.05454545454545454	0.06666666666666667	0.15757575757575756	0.09090909090909091	
0.06168831168831169	0.02922077922077922	0.2012987012987013	0.07792207792207792	0.13636363636363635	0.08766233766233766	0.06818181818181818	0.07467532467532467	0.18506493506493507	0.07792207792207792	
0.016597510373443983	0.12655601659751037	0.04771784232365145	0.1037344398340249	0.1950207468879668	0.07676348547717843	0.035269709543568464	0.03319502074688797	0.14522821576763487	0.21991701244813278	
0.08778625954198473	0.03435114503816794	0.03435114503816794	0.05343511450381679	0.08396946564885496	0.08778625954198473	0.10305343511450382	0.022900763358778626	0.23282442748091603	0.2595419847328244	
0.0392156862745098	0.06535947712418301	0.10457516339869281	0.058823529411764705	0.1568627450980392	0.0784313725490196	0.08496732026143791	0.0457516339869281	0.13725490196078433	0.22875816993464052	
0.10344827586206896	0.08620689655172414	0.1206896551724138	0.10344827586206896	0.10344827586206896	0.10344827586206896	0.10344827586206896	0.08620689655172414	0.08620689655172414	0.10344827586206896	
0.050724637681159424	0.043478260869565216	0.06521739130434782	0.043478260869565216	0.3188405797101449	0.15217391304347827	0.036231884057971016	0.07971014492753623	0.13768115942028986	0.07246376811594203	
0.11021505376344086	0.04032258064516129	0.11290322580645161	0.0456989247311828	0.13440860215053763	0.25	0.03763440860215054	0.04838709677419355	0.13978494623655913	0.08064516129032258	
0.046052631578947366	0.05263157894736842	0.13157894736842105	0.05263157894736842	0.17763157894736842	0.05263157894736842	0.05263157894736842	0.046052631578947366	0.29605263157894735	0.09210526315789473	
0.0449438202247191	0.0599250936329588	0.04119850187265917	0.018726591760299626	0.4419475655430712	0.026217228464419477	0.04119850187265917	0.04868913857677903	0.1198501872659176	0.15730337078651685	
0.09345794392523364	0.056074766355140186	0.09345794392523364	0.04672897196261682	0.1588785046728972	0.07476635514018691	0.04672897196261682	0.08411214953271028	0.11214953271028037	0.2336448598130841	
0.08270676691729323	0.045112781954887216	0.03759398496240601	0.03759398496240601	0.39849624060150374	0.05263157894736842	0.06015037593984962	0.05263157894736842	0.08270676691729323	0.15037593984962405	
0.02857142857142857	0.09047619047619047	0.02857142857142857	0.04285714285714286	0.4452380952380952	0.01904761904761905	0.03333333333333333	0.02857142857142857	0.10952380952380952	0.1738095238095238	
0.044715447154471545	0.032520325203252036	0.036585365853658534	0.036585365853658534	0.4146341463414634	0.044715447154471545	0.04878048780487805	0.028455284552845527	0.11788617886178862	0.1951219512195122	
0.09615384615384616	0.07692307692307693	0.04487179487179487	0.0641025641025641	0.1987179487179487	0.07051282051282051	0.11538461538461539	0.05128205128205128	0.1346153846153846	0.14743589743589744	
0.02626641651031895	0.05065666041275797	0.043151969981238276	0.06941838649155722	0.44652908067542213	0.06941838649155722	0.058161350844277676	0.0375234521575985	0.16135084427767354	0.0375234521575985	
0.054924242424242424	0.022727272727272728	0.07007575757575757	0.09090909090909091	0.028409090909090908	0.045454545454545456	0.12121212121212122	0.056818181818181816	0.4791666666666667	0.030303030303030304	
0.1246376811594203	0.04927536231884058	0.03188405797101449	0.06376811594202898	0.04057971014492753	0.03188405797101449	0.06086956521739131	0.04057971014492753	0.5101449275362319	0.0463768115942029	
0.09176470588235294	0.02588235294117647	0.08470588235294117	0.09176470588235294	0.08	0.07529411764705882	0.03529411764705882	0.047058823529411764	0.44	0.02823529411764706	
0.08284023668639054	0.03254437869822485	0.026627218934911243	0.07692307692307693	0.03550295857988166	0.08284023668639054	0.06804733727810651	0.026627218934911243	0.5177514792899408	0.05029585798816568	
0.043478260869565216	0.09347826086956522	0.01956521739130435	0.034782608695652174	0.017391304347826087	0.07173913043478261	0.034782608695652174	0.017391304347826087	0.5891304347826087	0.0782608695652174	
0.08376963350785341	0.041884816753926704	0.01832460732984293	0.08376963350785341	0.06806282722513089	0.03664921465968586	0.03926701570680628	0.03926701570680628	0.5445026178010471	0.04450261780104712	
0.2971246006389776	0.027156549520766772	0.04952076677316294	0.051118210862619806	0.13258785942492013	0.0670926517571885	0.06549520766773163	0.02875399361022364	0.23003194888178913	0.051118210862619806	
0.09009009009009009	0.09009009009009009	0.13063063063063063	0.13063063063063063	0.02702702702702703	0.04504504504504504	0.06756756756756757	0.036036036036036036	0.3333333333333333	0.04954954954954955	
0.056074766355140186	0.0794392523364486	0.04672897196261682	0.2336448598130841	0.03271028037383177	0.0514018691588785	0.0794392523364486	0.037383177570093455	0.29906542056074764	0.08411214953271028	
0.06889352818371608	0.03966597077244259	0.11899791231732777	0.07933194154488518	0.11899791231732777	0.10438413361169102	0.033402922755741124	0.05010438413361169	0.3465553235908142	0.03966597077244259	
0.08095238095238096	0.10476190476190476	0.05714285714285714	0.14285714285714285	0.0761904761904762	0.047619047619047616	0.08571428571428572	0.047619047619047616	0.30952380952380953	0.047619047619047616	
0.055900621118012424	0.05745341614906832	0.11490683229813664	0.16614906832298137	0.07919254658385093	0.06677018633540373	0.021739130434782608	0.04503105590062112	0.37111801242236025	0.021739130434782608	
0.049079754601226995	0.0736196319018405	0.03067484662576687	0.10429447852760736	0.049079754601226995	0.06134969325153374	0.06134969325153374	0.11042944785276074	0.4171779141104294	0.04294478527607362	
0.06179775280898876	0.0449438202247191	0.0449438202247191	0.09550561797752809	0.06179775280898876	0.20224719101123595	0.0449438202247191	0.0449438202247191	0.3539325842696629	0.0449438202247191	
0.054901960784313725	0.050980392156862744	0.09803921568627451	0.0784313725490196	0.054901960784313725	0.14901960784313725	0.09019607843137255	0.043137254901960784	0.34509803921568627	0.03529411764705882	
0.0343796711509716	0.1210762331838565	0.1031390134529148	0.07922272047832586	0.01195814648729447	0.1554559043348281	0.09566517189835576	0.03139013452914798	0.336322869955157	0.03139013452914798	
0.07	0.045	0.1225	0.055	0.025	0.06	0.155	0.06	0.36	0.0475	
0.03932584269662921	0.06741573033707865	0.07303370786516854	0.05056179775280899	0.03932584269662921	0.0449438202247191	0.09550561797752809	0.033707865168539325	0.5	0.056179775280898875	
0.03187250996015936	0.08366533864541832	0.4541832669322709	0.053784860557768925	0.0398406374501992	0.049800796812749	0.029880478087649404	0.03187250996015936	0.1952191235059761	0.029880478087649404	
0.04513888888888889	0.07291666666666667	0.1423611111111111	0.024305555555555556	0.041666666666666664	0.04513888888888889	0.1284722222222222	0.05555555555555555	0.4131944444444444	0.03125	
0.06097560975609756	0.15853658536585366	0.13414634146341464	0.06097560975609756	0.10975609756097561	0.07317073170731707	0.0975609756097561	0.0975609756097561	0.14634146341463414	0.06097560975609756	
0.03954802259887006	0.062146892655367235	0.06779661016949153	0.096045197740113	0.12994350282485875	0.06779661016949153	0.0903954802259887	0.03954802259887006	0.3446327683615819	0.062146892655367235	
0.05930930930930931	0.03978978978978979	0.04354354354354354	0.05105105105105105	0.19744744744744744	0.08408408408408409	0.0960960960960961	0.036036036036036036	0.28378378378378377	0.10885885885885886	
0.05023547880690738	0.04709576138147567	0.0282574568288854	0.06750392464678179	0.04552590266875981	0.0989010989010989	0.04709576138147567	0.0565149136577708	0.5368916797488226	0.02197802197802198	
0.07446808510638298	0.03723404255319149	0.11170212765957446	0.0797872340425532	0.0797872340425532	0.05319148936170213	0.26063829787234044	0.06382978723404255	0.19148936170212766	0.047872340425531915	
0.06921944035346098	0.061855670103092786	0.045655375552282766	0.14727540500736377	0.023564064801178203	0.08100147275405008	0.16789396170839468	0.033873343151693665	0.3490427098674521	0.020618556701030927	
0.045871559633027525	0.045871559633027525	0.0481651376146789	0.052752293577981654	0.05504587155963303	0.045871559633027525	0.06880733944954129	0.04128440366972477	0.5573394495412844	0.0389908256880734	
0.017057569296375266	0.08528784648187633	0.042643923240938165	0.07249466950959488	0.02771855010660981	0.1023454157782516	0.09594882729211088	0.05970149253731343	0.42857142857142855	0.06823027718550106	
0.0513595166163142	0.08157099697885196	0.054380664652567974	0.09667673716012085	0.04833836858006042	0.04833836858006042	0.14501510574018128	0.06042296072507553	0.3806646525679758	0.03323262839879154	
0.08866995073891626	0.06403940886699508	0.059113300492610835	0.05172413793103448	0.046798029556650245	0.07635467980295567	0.15270935960591134	0.06403940886699508	0.3226600985221675	0.07389162561576355	
0.04712041884816754	0.05759162303664921	0.07329842931937172	0.09424083769633508	0.03664921465968586	0.08900523560209424	0.05759162303664921	0.09947643979057591	0.3036649214659686	0.14136125654450263	
0.0446927374301676	0.05027932960893855	0.027932960893854747	0.05027932960893855	0.1340782122905028	0.1340782122905028	0.11731843575418995	0.061452513966480445	0.15083798882681565	0.22905027932960895	
0.04801670146137787	0.08768267223382047	0.025052192066805846	0.03549060542797495	0.06263048016701461	0.022964509394572025	0.12943632567849686	0.037578288100208766	0.19624217118997914	0.35490605427974947	
0.07874015748031496	0.10236220472440945	0.07874015748031496	0.08661417322834646	0.06299212598425197	0.03937007874015748	0.06299212598425197	0.07874015748031496	0.18110236220472442	0.2283464566929134	
0.05136986301369863	0.06164383561643835	0.06335616438356165	0.032534246575342464	0.19863013698630136	0.03424657534246575	0.0273972602739726	0.039383561643835614	0.2791095890410959	0.21232876712328766	
0.03305785123966942	0.0743801652892562	0.11983471074380166	0.05785123966942149	0.14049586776859505	0.045454545454545456	0.045454545454545456	0.05785123966942149	0.1322314049586777	0.29338842975206614	
0.04885057471264368	0.06321839080459771	0.06321839080459771	0.034482758620689655	0.22126436781609196	0.02586206896551724	0.07471264367816093	0.05172413793103448	0.14942528735632185	0.2672413793103448	
0.05309734513274336	0.10619469026548672	0.08849557522123894	0.05309734513274336	0.23008849557522124	0.061946902654867256	0.05309734513274336	0.07964601769911504	0.1415929203539823	0.13274336283185842	
0.044897959183673466	0.053061224489795916	0.0653061224489796	0.0326530612244898	0.07755102040816327	0.05714285714285714	0.13877551020408163	0.11428571428571428	0.18775510204081633	0.22857142857142856	
0.034324942791762014	0.038901601830663615	0.09382151029748284	0.02745995423340961	0.16247139588100687	0.04805491990846682	0.034324942791762014	0.038901601830663615	0.13729977116704806	0.38443935926773454	
0.036036036036036036	0.06756756756756757	0.06756756756756757	0.036036036036036036	0.25225225225225223	0.03153153153153153	0.02702702702702703	0.04954954954954955	0.25225225225225223	0.18018018018018017	
0.0547945205479452	0.0821917808219178	0.0547945205479452	0.06164383561643835	0.18493150684931506	0.06164383561643835	0.0410958904109589	0.0547945205479452	0.14383561643835616	0.2602739726027397	
0.04950495049504951	0.07920792079207921	0.12376237623762376	0.0594059405940594	0.21287128712871287	0.0297029702970297	0.034653465346534656	0.034653465346534656	0.1782178217821782	0.19801980198019803	
0.09411764705882353	0.08235294117647059	0.09411764705882353	0.058823529411764705	0.2	0.08235294117647059	0.058823529411764705	0.08235294117647059	0.10588235294117647	0.1411764705882353	
0.06965174129353234	0.24378109452736318	0.0845771144278607	0.10945273631840796	0.12935323383084577	0.03482587064676617	0.05970149253731343	0.05970149253731343	0.06965174129353234	0.13930348258706468	
0.043478260869565216	0.06521739130434782	0.14347826086956522	0.06956521739130435	0.1608695652173913	0.06521739130434782	0.05652173913043478	0.05217391304347826	0.12608695652173912	0.21739130434782608	
0.026455026455026454	0.05291005291005291	0.10582010582010581	0.03439153439153439	0.12698412698412698	0.11375661375661375	0.0873015873015873	0.1402116402116402	0.18253968253968253	0.12962962962962962	
0.044444444444444446	0.07222222222222222	0.1111111111111111	0.06111111111111111	0.15	0.06666666666666667	0.044444444444444446	0.027777777777777776	0.25555555555555554	0.16666666666666666	
0.11893203883495146	0.043689320388349516	0.06310679611650485	0.0825242718446602	0.06067961165048544	0.07766990291262135	0.21844660194174756	0.055825242718446605	0.21844660194174756	0.06067961165048544	
0.24055666003976142	0.0636182902584493	0.015904572564612324	0.009940357852882704	0.11530815109343936	0.0636182902584493	0.2544731610337972	0.033797216699801194	0.073558648111332	0.12922465208747516	
0.15303430079155672	0.09234828496042216	0.06596306068601583	0.079155672823219	0.10290237467018469	0.09234828496042216	0.09762532981530343	0.036939313984168866	0.22163588390501318	0.05804749340369393	
0.06060606060606061	0.06060606060606061	0.08333333333333333	0.09848484848484848	0.045454545454545456	0.045454545454545456	0.11363636363636363	0.12878787878787878	0.29545454545454547	0.06818181818181818	
0.041884816753926704	0.06282722513089005	0.06806282722513089	0.041884816753926704	0.05235602094240838	0.09947643979057591	0.18324607329842932	0.07329842931937172	0.2617801047120419	0.11518324607329843	
0.05027932960893855	0.05027932960893855	0.05027932960893855	0.03910614525139665	0.0893854748603352	0.03910614525139665	0.1564245810055866	0.1005586592178771	0.30726256983240224	0.11731843575418995	
0.050387596899224806	0.046511627906976744	0.03488372093023256	0.13565891472868216	0.027131782945736434	0.03875968992248062	0.06589147286821706	0.046511627906976744	0.3992248062015504	0.15503875968992248	
0.06493506493506493	0.15584415584415584	0.09090909090909091	0.09090909090909091	0.06493506493506493	0.1038961038961039	0.1038961038961039	0.11688311688311688	0.14285714285714285	0.06493506493506493	
0.06342494714587738	0.035940803382663845	0.07399577167019028	0.048625792811839326	0.07610993657505286	0.019027484143763214	0.21141649048625794	0.06765327695560254	0.3699788583509514	0.03382663847780127	
0.15343915343915343	0.03835978835978836	0.051587301587301584	0.05555555555555555	0.015873015873015872	0.026455026455026454	0.17063492063492064	0.037037037037037035	0.4312169312169312	0.01984126984126984	
0.06666666666666667	0.09333333333333334	0.09333333333333334	0.12	0.06666666666666667	0.06666666666666667	0.13333333333333333	0.06666666666666667	0.21333333333333335	0.08	
0.031668696711327646	0.10475030450669914	0.047503045066991476	0.11449451887941535	0.015834348355663823	0.029232643118148598	0.08647990255785627	0.015834348355663823	0.5164433617539586	0.037758830694275276	
0.03461538461538462	0.05	0.03461538461538462	0.08076923076923077	0.04230769230769231	0.03076923076923077	0.08846153846153847	0.06153846153846154	0.47692307692307695	0.1	
0.04529616724738676	0.059233449477351915	0.05574912891986063	0.07665505226480836	0.059233449477351915	0.0313588850174216	0.05574912891986063	0.0313588850174216	0.5261324041811847	0.059233449477351915	
0.10552763819095477	0.10050251256281408	0.04020100502512563	0.05527638190954774	0.07035175879396985	0.07035175879396985	0.17587939698492464	0.06030150753768844	0.2864321608040201	0.035175879396984924	
0.05434782608695652	0.09782608695652174	0.14130434782608695	0.08695652173913043	0.06521739130434782	0.05434782608695652	0.09782608695652174	0.07608695652173914	0.2717391304347826	0.05434782608695652	
0.06578947368421052	0.05263157894736842	0.021929824561403508	0.03508771929824561	0.04824561403508772	0.08771929824561403	0.04824561403508772	0.03508771929824561	0.5526315789473685	0.05263157894736842	
0.053418803418803416	0.03418803418803419	0.05128205128205128	0.06623931623931624	0.014957264957264958	0.0405982905982906	0.09615384615384616	0.03418803418803419	0.5790598290598291	0.029914529914529916	
0.04827586206896552	0.04597701149425287	0.04367816091954023	0.07816091954022988	0.059770114942528735	0.07126436781609195	0.20919540229885059	0.041379310344827586	0.3816091954022989	0.020689655172413793	
0.06405693950177936	0.051601423487544484	0.05338078291814947	0.05338078291814947	0.01601423487544484	0.037366548042704624	0.10676156583629894	0.019572953736654804	0.5373665480427047	0.060498220640569395	
0.08256880733944955	0.09174311926605505	0.05504587155963303	0.05504587155963303	0.045871559633027525	0.05504587155963303	0.08256880733944955	0.07339449541284404	0.3944954128440367	0.06422018348623854	
0.09239130434782608	0.08695652173913043	0.11413043478260869	0.06521739130434782	0.059782608695652176	0.03260869565217391	0.15760869565217392	0.03804347826086957	0.31521739130434784	0.03804347826086957	
0.10845986984815618	0.026030368763557483	0.08893709327548807	0.22559652928416485	0.08026030368763558	0.03036876355748373	0.227765726681128	0.03253796095444685	0.10845986984815618	0.07158351409978309	
0.04942339373970346	0.057660626029654036	0.05930807248764415	0.5107084019769358	0.047775947281713346	0.02800658978583196	0.11532125205930807	0.0214168039538715	0.04942339373970346	0.060955518945634266	
0.017964071856287425	0.1157684630738523	0.021956087824351298	0.5688622754491018	0.08982035928143713	0.027944111776447105	0.033932135728542916	0.015968063872255488	0.04590818363273453	0.06187624750499002	
0.10141509433962265	0.07075471698113207	0.018867924528301886	0.4669811320754717	0.10259433962264151	0.02830188679245283	0.05778301886792453	0.025943396226415096	0.07193396226415094	0.055424528301886794	
0.08983050847457627	0.13389830508474576	0.011864406779661017	0.27627118644067794	0.3135593220338983	0.07796610169491526	0.013559322033898305	0.020338983050847456	0.0288135593220339	0.03389830508474576	
0.0738255033557047	0.03691275167785235	0.1342281879194631	0.23825503355704697	0.04865771812080537	0.026845637583892617	0.026845637583892617	0.09395973154362416	0.05201342281879195	0.2684563758389262	
0.05194805194805195	0.025974025974025976	0.05194805194805195	0.4935064935064935	0.0735930735930736	0.030303030303030304	0.07792207792207792	0.03896103896103896	0.09956709956709957	0.05627705627705628	
0.028384279475982533	0.034934497816593885	0.4585152838427948	0.17685589519650655	0.05458515283842795	0.028384279475982533	0.06331877729257641	0.05240174672489083	0.048034934497816595	0.05458515283842795	
0.24102564102564103	0.07179487179487179	0.06666666666666667	0.14358974358974358	0.09230769230769231	0.05641025641025641	0.05641025641025641	0.12307692307692308	0.06666666666666667	0.08205128205128205	
0.03333333333333333	0.040740740740740744	0.1	0.07407407407407407	0.362962962962963	0.05555555555555555	0.07037037037037037	0.07037037037037037	0.08148148148148149	0.1111111111111111	
0.06164383561643835	0.0684931506849315	0.04794520547945205	0.04794520547945205	0.3972602739726027	0.0547945205479452	0.03424657534246575	0.07534246575342465	0.136986301369863	0.07534246575342465	
0.05714285714285714	0.045714285714285714	0.08571428571428572	0.045714285714285714	0.28	0.04	0.09714285714285714	0.03428571428571429	0.06285714285714286	0.25142857142857145	
0.12162162162162163	0.08108108108108109	0.12162162162162163	0.08108108108108109	0.17567567567567569	0.06756756756756757	0.08108108108108109	0.10810810810810811	0.08108108108108109	0.08108108108108109	
0.06060606060606061	0.05303030303030303	0.03409090909090909	0.026515151515151516	0.4621212121212121	0.03787878787878788	0.041666666666666664	0.056818181818181816	0.056818181818181816	0.17045454545454544	
0.043010752688172046	0.053763440860215055	0.03763440860215054	0.03763440860215054	0.4838709677419355	0.04838709677419355	0.05913978494623656	0.03225806451612903	0.08064516129032258	0.12365591397849462	
0.08450704225352113	0.08450704225352113	0.03286384976525822	0.03755868544600939	0.4131455399061033	0.06572769953051644	0.023474178403755867	0.07981220657276995	0.023474178403755867	0.15492957746478872	
0.04142011834319527	0.03550295857988166	0.08284023668639054	0.0650887573964497	0.3254437869822485	0.05917159763313609	0.03550295857988166	0.10650887573964497	0.08875739644970414	0.15976331360946747	
0.06741573033707865	0.016853932584269662	0.016853932584269662	0.025280898876404494	0.3398876404494382	0.056179775280898875	0.0702247191011236	0.08426966292134831	0.028089887640449437	0.2949438202247191	
0.07575757575757576	0.07575757575757576	0.15151515151515152	0.07575757575757576	0.21212121212121213	0.07575757575757576	0.07575757575757576	0.09090909090909091	0.07575757575757576	0.09090909090909091	
0.05970149253731343	0.03980099502487562	0.11940298507462686	0.06467661691542288	0.3034825870646766	0.05472636815920398	0.0945273631840796	0.08955223880597014	0.13930348258706468	0.03482587064676617	
0.05303030303030303	0.12878787878787878	0.07575757575757576	0.13636363636363635	0.22727272727272727	0.06060606060606061	0.05303030303030303	0.08333333333333333	0.08333333333333333	0.09848484848484848	
0.05238095238095238	0.05714285714285714	0.10476190476190476	0.06666666666666667	0.28095238095238095	0.0380952380952381	0.1	0.08095238095238096	0.11904761904761904	0.1	
0.08860759493670886	0.029535864978902954	0.16455696202531644	0.06751054852320675	0.29535864978902954	0.07172995780590717	0.0759493670886076	0.06751054852320675	0.09282700421940929	0.046413502109704644	
0.038461538461538464	0.04945054945054945	0.38461538461538464	0.07142857142857142	0.18681318681318682	0.06043956043956044	0.06593406593406594	0.06593406593406594	0.04395604395604396	0.03296703296703297	
0.03608247422680412	0.08247422680412371	0.07216494845360824	0.18041237113402062	0.20618556701030927	0.05154639175257732	0.041237113402061855	0.17010309278350516	0.05154639175257732	0.10824742268041238	
0.04591836734693878	0.2602040816326531	0.030612244897959183	0.12244897959183673	0.25510204081632654	0.03571428571428571	0.03571428571428571	0.07142857142857142	0.07653061224489796	0.0663265306122449	
0.08139534883720931	0.11627906976744186	0.11627906976744186	0.08139534883720931	0.1511627906976744	0.06976744186046512	0.05813953488372093	0.12790697674418605	0.06976744186046512	0.12790697674418605	
0.039568345323741004	0.19784172661870503	0.046762589928057555	0.07553956834532374	0.30935251798561153	0.02877697841726619	0.02877697841726619	0.07194244604316546	0.07913669064748201	0.1223021582733813	
