0.08196721311475409	0.16393442622950818	0.08196721311475409	0.11475409836065574	0.08196721311475409	0.08196721311475409	0.08196721311475409	0.09836065573770492	0.09836065573770492	0.11475409836065574	
0.0661231884057971	0.4583333333333333	0.028079710144927536	0.03804347826086957	0.09692028985507246	0.035326086956521736	0.07246376811594203	0.028079710144927536	0.14402173913043478	0.03260869565217391	
0.025889967637540454	0.32362459546925565	0.025889967637540454	0.042071197411003236	0.14563106796116504	0.06472491909385113	0.0744336569579288	0.06796116504854369	0.1715210355987055	0.05825242718446602	
0.05813953488372093	0.19767441860465115	0.08139534883720931	0.11627906976744186	0.08139534883720931	0.09302325581395349	0.10465116279069768	0.06976744186046512	0.12790697674418605	0.06976744186046512	
0.11	0.2	0.05	0.09	0.08	0.07	0.17	0.05	0.1	0.08	
0.027303754266211604	0.3515358361774744	0.05802047781569966	0.06143344709897611	0.11945392491467577	0.13993174061433447	0.034129692832764506	0.06825938566552901	0.09556313993174062	0.04436860068259386	
0.06545454545454546	0.3709090909090909	0.06545454545454546	0.05818181818181818	0.09454545454545454	0.10545454545454545	0.05090909090909091	0.06909090909090909	0.04727272727272727	0.07272727272727272	
0.1724137931034483	0.3103448275862069	0.034482758620689655	0.04741379310344827	0.09482758620689655	0.06896551724137931	0.12931034482758622	0.0603448275862069	0.05172413793103448	0.03017241379310345	
0.19784172661870503	0.25539568345323743	0.046762589928057555	0.03597122302158273	0.10431654676258993	0.11510791366906475	0.046762589928057555	0.039568345323741004	0.10431654676258993	0.0539568345323741	
0.03597122302158273	0.4154676258992806	0.048561151079136694	0.12050359712230216	0.0539568345323741	0.02158273381294964	0.10971223021582734	0.03597122302158273	0.12589928057553956	0.03237410071942446	
0.07407407407407407	0.2857142857142857	0.047619047619047616	0.0582010582010582	0.07936507936507936	0.07407407407407407	0.15343915343915343	0.047619047619047616	0.13227513227513227	0.047619047619047616	
0.08	0.256	0.04	0.08	0.144	0.072	0.088	0.056	0.096	0.088	
0.07272727272727272	0.25757575757575757	0.02727272727272727	0.03939393939393939	0.048484848484848485	0.08787878787878788	0.06060606060606061	0.03636363636363636	0.34545454545454546	0.024242424242424242	
0.04669260700389105	0.377431906614786	0.023346303501945526	0.058365758754863814	0.06614785992217899	0.054474708171206226	0.16731517509727625	0.0311284046692607	0.11673151750972763	0.058365758754863814	
0.024475524475524476	0.3776223776223776	0.02972027972027972	0.05244755244755245	0.05944055944055944	0.0944055944055944	0.24125874125874125	0.015734265734265736	0.08216783216783216	0.022727272727272728	
0.09302325581395349	0.24031007751937986	0.046511627906976744	0.07751937984496124	0.03875968992248062	0.26356589147286824	0.05426356589147287	0.06201550387596899	0.06976744186046512	0.05426356589147287	
0.03858520900321544	0.2958199356913183	0.05144694533762058	0.2733118971061093	0.03536977491961415	0.13504823151125403	0.06109324758842444	0.02572347266881029	0.028938906752411574	0.05466237942122187	
0.06382978723404255	0.1595744680851064	0.0425531914893617	0.1276595744680851	0.047872340425531915	0.20212765957446807	0.06914893617021277	0.07446808510638298	0.15425531914893617	0.05851063829787234	
0.07142857142857142	0.2773109243697479	0.017857142857142856	0.06512605042016807	0.13970588235294118	0.03991596638655462	0.13655462184873948	0.04096638655462185	0.17542016806722688	0.03571428571428571	
0.29846153846153844	0.2246153846153846	0.04923076923076923	0.033846153846153845	0.14153846153846153	0.04923076923076923	0.04	0.046153846153846156	0.07384615384615385	0.043076923076923075	
0.11666666666666667	0.3333333333333333	0.03333333333333333	0.041666666666666664	0.11666666666666667	0.058333333333333334	0.0875	0.0625	0.11666666666666667	0.03333333333333333	
0.05263157894736842	0.16541353383458646	0.04887218045112782	0.14285714285714285	0.13157894736842105	0.05639097744360902	0.15789473684210525	0.02631578947368421	0.18045112781954886	0.03759398496240601	
0.043859649122807015	0.34502923976608185	0.043859649122807015	0.1111111111111111	0.07017543859649122	0.05847953216374269	0.195906432748538	0.043859649122807015	0.06432748538011696	0.023391812865497075	
0.019390581717451522	0.25761772853185594	0.04155124653739612	0.28254847645429365	0.09418282548476455	0.0886426592797784	0.09418282548476455	0.024930747922437674	0.04709141274238227	0.04986149584487535	
0.03667953667953668	0.23938223938223938	0.03088803088803089	0.3803088803088803	0.021235521235521235	0.08108108108108109	0.06756756756756757	0.03861003861003861	0.02895752895752896	0.07528957528957529	
0.03686635944700461	0.29493087557603687	0.04608294930875576	0.14285714285714285	0.05069124423963134	0.14746543778801843	0.05069124423963134	0.06451612903225806	0.04608294930875576	0.11981566820276497	
0.07537688442211055	0.3015075376884422	0.04522613065326633	0.1306532663316583	0.09547738693467336	0.12060301507537688	0.05527638190954774	0.04522613065326633	0.06532663316582915	0.06532663316582915	
0.04778156996587031	0.378839590443686	0.040955631399317405	0.034129692832764506	0.05802047781569966	0.040955631399317405	0.18771331058020477	0.06484641638225255	0.08532423208191127	0.06143344709897611	
0.0784313725490196	0.1437908496732026	0.032679738562091505	0.0915032679738562	0.20261437908496732	0.0718954248366013	0.09803921568627451	0.0457516339869281	0.16339869281045752	0.0718954248366013	
0.036036036036036036	0.23648648648648649	0.08783783783783784	0.4009009009009009	0.0518018018018018	0.033783783783783786	0.05630630630630631	0.015765765765765764	0.02702702702702703	0.05405405405405406	
0.035916824196597356	0.3742911153119093	0.03213610586011342	0.2438563327032136	0.017013232514177693	0.07183364839319471	0.09829867674858223	0.020793950850661626	0.06049149338374291	0.045368620037807186	
0.05172413793103448	0.16379310344827586	0.06896551724137931	0.27586206896551724	0.05172413793103448	0.0603448275862069	0.06896551724137931	0.06896551724137931	0.1206896551724138	0.06896551724137931	
0.09375	0.15625	0.08333333333333333	0.11458333333333333	0.09375	0.0625	0.10416666666666667	0.07291666666666667	0.14583333333333334	0.07291666666666667	
0.02564102564102564	0.23717948717948717	0.07692307692307693	0.28525641025641024	0.038461538461538464	0.08012820512820513	0.08653846153846154	0.041666666666666664	0.060897435897435896	0.0673076923076923	
0.09313725490196079	0.2647058823529412	0.10784313725490197	0.19117647058823528	0.0392156862745098	0.049019607843137254	0.04411764705882353	0.049019607843137254	0.04411764705882353	0.11764705882352941	
0.06382978723404255	0.425531914893617	0.047872340425531915	0.06914893617021277	0.05851063829787234	0.05319148936170213	0.05851063829787234	0.0851063829787234	0.05851063829787234	0.0797872340425532	
0.028469750889679714	0.39501779359430605	0.046263345195729534	0.12811387900355872	0.06761565836298933	0.06405693950177936	0.03914590747330961	0.03914590747330961	0.11743772241992882	0.07473309608540925	
0.038834951456310676	0.44660194174757284	0.07119741100323625	0.12297734627831715	0.038834951456310676	0.06472491909385113	0.061488673139158574	0.042071197411003236	0.061488673139158574	0.05177993527508091	
0.048034934497816595	0.31004366812227074	0.08733624454148471	0.11790393013100436	0.06986899563318777	0.07423580786026202	0.05240174672489083	0.034934497816593885	0.039301310043668124	0.16593886462882096	
0.018867924528301886	0.2971698113207547	0.06839622641509434	0.1792452830188679	0.09669811320754718	0.02122641509433962	0.05660377358490566	0.05660377358490566	0.06132075471698113	0.14386792452830188	
0.040697674418604654	0.37209302325581395	0.040697674418604654	0.12790697674418605	0.046511627906976744	0.0872093023255814	0.11046511627906977	0.046511627906976744	0.046511627906976744	0.08139534883720931	
0.0627177700348432	0.289198606271777	0.06620209059233449	0.14982578397212543	0.04878048780487805	0.10104529616724739	0.08013937282229965	0.0627177700348432	0.06620209059233449	0.07317073170731707	
0.09523809523809523	0.3	0.07857142857142857	0.0880952380952381	0.03571428571428571	0.0761904761904762	0.04285714285714286	0.0380952380952381	0.01904761904761905	0.2261904761904762	
0.05274725274725275	0.3912087912087912	0.18021978021978022	0.15824175824175823	0.02197802197802198	0.07252747252747253	0.01978021978021978	0.02197802197802198	0.017582417582417582	0.06373626373626373	
0.09937888198757763	0.39544513457556935	0.13043478260869565	0.07039337474120083	0.043478260869565216	0.10351966873706005	0.037267080745341616	0.020703933747412008	0.026915113871635612	0.07246376811594203	
0.10384615384615385	0.27307692307692305	0.27692307692307694	0.04230769230769231	0.05	0.07307692307692308	0.04230769230769231	0.03076923076923077	0.046153846153846156	0.06153846153846154	
0.042600896860986545	0.27802690582959644	0.32062780269058294	0.05829596412556054	0.02914798206278027	0.04932735426008968	0.02914798206278027	0.03587443946188341	0.04484304932735426	0.11210762331838565	
0.056022408963585436	0.2857142857142857	0.21288515406162464	0.07282913165266107	0.028011204481792718	0.09243697478991597	0.05042016806722689	0.028011204481792718	0.13445378151260504	0.0392156862745098	
0.09289617486338798	0.2459016393442623	0.3879781420765027	0.04918032786885246	0.03825136612021858	0.04371584699453552	0.0273224043715847	0.03278688524590164	0.03825136612021858	0.04371584699453552	
0.12475247524752475	0.21386138613861386	0.3603960396039604	0.061386138613861385	0.019801980198019802	0.0297029702970297	0.019801980198019802	0.061386138613861385	0.02178217821782178	0.08712871287128712	
0.043478260869565216	0.10869565217391304	0.34782608695652173	0.036231884057971016	0.043478260869565216	0.07971014492753623	0.07246376811594203	0.09420289855072464	0.07971014492753623	0.09420289855072464	
0.14516129032258066	0.20161290322580644	0.18548387096774194	0.10483870967741936	0.056451612903225805	0.08064516129032258	0.056451612903225805	0.04838709677419355	0.056451612903225805	0.06451612903225806	
0.11604095563139932	0.3310580204778157	0.17406143344709898	0.08532423208191127	0.051194539249146756	0.03754266211604096	0.08191126279863481	0.020477815699658702	0.020477815699658702	0.08191126279863481	
0.06329113924050633	0.13924050632911392	0.26582278481012656	0.0759493670886076	0.0759493670886076	0.06329113924050633	0.08860759493670886	0.08860759493670886	0.0759493670886076	0.06329113924050633	
0.10964912280701754	0.11842105263157894	0.3684210526315789	0.07017543859649122	0.07017543859649122	0.04824561403508772	0.02631578947368421	0.08771929824561403	0.05263157894736842	0.04824561403508772	
0.07599309153713299	0.12607944732297063	0.36787564766839376	0.16580310880829016	0.06044905008635579	0.037996545768566495	0.10362694300518134	0.03281519861830743	0.013816925734024179	0.015544041450777202	
0.04153354632587859	0.33865814696485624	0.03514376996805112	0.10862619808306709	0.11501597444089456	0.054313099041533544	0.12140575079872204	0.07987220447284345	0.0670926517571885	0.038338658146964855	
0.2222222222222222	0.3055555555555556	0.041666666666666664	0.024305555555555556	0.08333333333333333	0.06597222222222222	0.04513888888888889	0.041666666666666664	0.125	0.04513888888888889	
0.24538745387453875	0.31365313653136534	0.05904059040590406	0.03505535055350553	0.042435424354243544	0.02029520295202952	0.05350553505535055	0.03136531365313653	0.14391143911439114	0.055350553505535055	
0.14763231197771587	0.2116991643454039	0.055710306406685235	0.04456824512534819	0.11977715877437325	0.036211699164345405	0.025069637883008356	0.08913649025069638	0.20612813370473537	0.06406685236768803	
0.3273809523809524	0.22817460317460317	0.14484126984126985	0.023809523809523808	0.03968253968253968	0.04365079365079365	0.031746031746031744	0.037698412698412696	0.04365079365079365	0.07936507936507936	
0.25675675675675674	0.1891891891891892	0.0945945945945946	0.05405405405405406	0.12837837837837837	0.08108108108108109	0.04054054054054054	0.033783783783783786	0.05405405405405406	0.06756756756756757	
0.2647058823529412	0.13725490196078433	0.06862745098039216	0.08823529411764706	0.049019607843137254	0.08823529411764706	0.058823529411764705	0.058823529411764705	0.12745098039215685	0.058823529411764705	
0.125	0.1388888888888889	0.08333333333333333	0.06944444444444445	0.125	0.1111111111111111	0.06944444444444445	0.06944444444444445	0.1111111111111111	0.09722222222222222	
0.2155688622754491	0.32934131736526945	0.038922155688622756	0.02694610778443114	0.04491017964071856	0.05389221556886228	0.07784431137724551	0.041916167664670656	0.10479041916167664	0.0658682634730539	
0.3103448275862069	0.2206896551724138	0.017241379310344827	0.02413793103448276	0.07241379310344828	0.05517241379310345	0.03103448275862069	0.05172413793103448	0.13448275862068965	0.08275862068965517	
0.2727272727272727	0.2537878787878788	0.030303030303030304	0.030303030303030304	0.06060606060606061	0.03409090909090909	0.022727272727272728	0.13068181818181818	0.07386363636363637	0.09090909090909091	
0.43037974683544306	0.12658227848101267	0.05379746835443038	0.03164556962025317	0.03481012658227848	0.06645569620253164	0.05063291139240506	0.04113924050632911	0.05063291139240506	0.11392405063291139	
0.50093808630394	0.1951219512195122	0.09380863039399624	0.043151969981238276	0.04127579737335835	0.0225140712945591	0.03189493433395872	0.016885553470919325	0.020637898686679174	0.03377110694183865	
0.4266666666666667	0.1	0.12	0.08666666666666667	0.04666666666666667	0.06	0.04666666666666667	0.03333333333333333	0.03333333333333333	0.04666666666666667	
0.3367088607594937	0.25063291139240507	0.07848101265822785	0.053164556962025315	0.043037974683544304	0.06582278481012659	0.060759493670886074	0.02278481012658228	0.030379746835443037	0.05822784810126582	
0.41682974559686886	0.14677103718199608	0.11154598825831702	0.019569471624266144	0.033268101761252444	0.0273972602739726	0.06262230919765166	0.046966731898238745	0.0273972602739726	0.10763209393346379	
0.16058394160583941	0.20924574209245742	0.038929440389294405	0.072992700729927	0.04866180048661801	0.06569343065693431	0.10218978102189781	0.145985401459854	0.06082725060827251	0.0948905109489051	
0.29135338345864664	0.20112781954887218	0.12781954887218044	0.07894736842105263	0.06203007518796992	0.03007518796992481	0.07894736842105263	0.016917293233082706	0.022556390977443608	0.09022556390977443	
0.3076923076923077	0.24358974358974358	0.05128205128205128	0.057692307692307696	0.04487179487179487	0.04487179487179487	0.04487179487179487	0.04487179487179487	0.08333333333333333	0.07692307692307693	
0.2911392405063291	0.13291139240506328	0.0949367088607595	0.14556962025316456	0.0379746835443038	0.06962025316455696	0.0379746835443038	0.06329113924050633	0.056962025316455694	0.06962025316455696	
0.2782608695652174	0.11739130434782609	0.1782608695652174	0.09130434782608696	0.030434782608695653	0.11739130434782609	0.0391304347826087	0.030434782608695653	0.04782608695652174	0.06956521739130435	
0.20833333333333334	0.0784313725490196	0.029411764705882353	0.056372549019607844	0.09558823529411764	0.04411764705882353	0.14215686274509803	0.08823529411764706	0.2181372549019608	0.0392156862745098	
0.3395061728395062	0.08641975308641975	0.12962962962962962	0.07407407407407407	0.043209876543209874	0.1111111111111111	0.09259259259259259	0.030864197530864196	0.05555555555555555	0.037037037037037035	
0.43577981651376146	0.11467889908256881	0.03669724770642202	0.027522935779816515	0.09174311926605505	0.06880733944954129	0.04128440366972477	0.03211009174311927	0.10550458715596331	0.045871559633027525	
0.09333333333333334	0.29333333333333333	0.06666666666666667	0.08	0.06666666666666667	0.06666666666666667	0.09333333333333334	0.08	0.09333333333333334	0.06666666666666667	
0.05660377358490566	0.08490566037735849	0.1069182389937107	0.3490566037735849	0.03773584905660377	0.02830188679245283	0.07861635220125786	0.0220125786163522	0.02830188679245283	0.20754716981132076	
0.0425531914893617	0.31382978723404253	0.05319148936170213	0.25	0.047872340425531915	0.05319148936170213	0.05851063829787234	0.03723404255319149	0.05851063829787234	0.0851063829787234	
0.0949367088607595	0.2974683544303797	0.13924050632911392	0.05063291139240506	0.06962025316455696	0.056962025316455694	0.08227848101265822	0.04430379746835443	0.06962025316455696	0.0949367088607595	
0.05976095617529881	0.3107569721115538	0.2151394422310757	0.05976095617529881	0.027888446215139442	0.11553784860557768	0.07171314741035857	0.0199203187250996	0.027888446215139442	0.09163346613545817	
0.12162162162162163	0.10135135135135136	0.35135135135135137	0.04054054054054054	0.07432432432432433	0.05405405405405406	0.08783783783783784	0.06756756756756757	0.04054054054054054	0.060810810810810814	
0.036	0.228	0.388	0.072	0.06	0.04	0.056	0.048	0.04	0.032	
0.05325443786982249	0.23668639053254437	0.16568047337278108	0.0650887573964497	0.07100591715976332	0.08284023668639054	0.047337278106508875	0.1952662721893491	0.029585798816568046	0.05325443786982249	
0.046875	0.2265625	0.1875	0.0546875	0.046875	0.078125	0.0859375	0.09375	0.0703125	0.109375	
0.07878787878787878	0.2	0.18181818181818182	0.09696969696969697	0.07272727272727272	0.048484848484848485	0.07878787878787878	0.09090909090909091	0.048484848484848485	0.10303030303030303	
0.06818181818181818	0.2662337662337662	0.1461038961038961	0.045454545454545456	0.03896103896103896	0.08766233766233766	0.05194805194805195	0.1266233766233766	0.09415584415584416	0.07467532467532467	
0.17427385892116182	0.15560165975103735	0.2551867219917012	0.03112033195020747	0.035269709543568464	0.035269709543568464	0.16182572614107885	0.056016597510373446	0.03319502074688797	0.06224066390041494	
0.2366412213740458	0.2595419847328244	0.08015267175572519	0.061068702290076333	0.04198473282442748	0.06870229007633588	0.0648854961832061	0.026717557251908396	0.08778625954198473	0.07251908396946564	
0.1830065359477124	0.13071895424836602	0.10457516339869281	0.05228758169934641	0.058823529411764705	0.0915032679738562	0.058823529411764705	0.13071895424836602	0.06535947712418301	0.12418300653594772	
0.10344827586206896	0.10344827586206896	0.10344827586206896	0.08620689655172414	0.10344827586206896	0.10344827586206896	0.08620689655172414	0.13793103448275862	0.08620689655172414	0.08620689655172414	
0.14492753623188406	0.21739130434782608	0.2753623188405797	0.036231884057971016	0.043478260869565216	0.057971014492753624	0.057971014492753624	0.050724637681159424	0.036231884057971016	0.07971014492753623	
0.053763440860215055	0.16666666666666666	0.34946236559139787	0.06451612903225806	0.051075268817204304	0.04032258064516129	0.043010752688172046	0.10483870967741936	0.03763440860215054	0.08870967741935484	
0.16447368421052633	0.29605263157894735	0.046052631578947366	0.03289473684210526	0.07236842105263158	0.05263157894736842	0.06578947368421052	0.11842105263157894	0.05921052631578947	0.09210526315789473	
0.2808988764044944	0.16853932584269662	0.1198501872659176	0.04868913857677903	0.033707865168539325	0.0299625468164794	0.056179775280898875	0.0449438202247191	0.0299625468164794	0.18726591760299627	
0.14018691588785046	0.1308411214953271	0.08411214953271028	0.056074766355140186	0.056074766355140186	0.09345794392523364	0.09345794392523364	0.056074766355140186	0.04672897196261682	0.24299065420560748	
0.09022556390977443	0.09774436090225563	0.09022556390977443	0.06766917293233082	0.07518796992481203	0.05263157894736842	0.045112781954887216	0.045112781954887216	0.06015037593984962	0.37593984962406013	
0.1261904761904762	0.23809523809523808	0.13095238095238096	0.06666666666666667	0.02619047619047619	0.030952380952380953	0.023809523809523808	0.02142857142857143	0.02619047619047619	0.30952380952380953	
0.13008130081300814	0.13821138211382114	0.21544715447154472	0.024390243902439025	0.036585365853658534	0.056910569105691054	0.06504065040650407	0.04065040650406504	0.028455284552845527	0.26422764227642276	
0.08333333333333333	0.21153846153846154	0.1858974358974359	0.057692307692307696	0.12179487179487179	0.07692307692307693	0.038461538461538464	0.04487179487179487	0.08333333333333333	0.09615384615384616	
0.1801125703564728	0.23076923076923078	0.07317073170731707	0.020637898686679174	0.06566604127579738	0.06566604127579738	0.0600375234521576	0.10881801125703565	0.039399624765478425	0.15572232645403378	
0.026515151515151516	0.4753787878787879	0.02462121212121212	0.03977272727272727	0.05303030303030303	0.09848484848484848	0.08522727272727272	0.06060606060606061	0.10037878787878787	0.03598484848484849	
0.043478260869565216	0.47246376811594204	0.04057971014492753	0.05217391304347826	0.11304347826086956	0.04927536231884058	0.07246376811594203	0.04057971014492753	0.08695652173913043	0.028985507246376812	
0.0611764705882353	0.3952941176470588	0.09176470588235294	0.042352941176470586	0.08235294117647059	0.05411764705882353	0.07529411764705882	0.08235294117647059	0.08705882352941176	0.02823529411764706	
0.04142011834319527	0.4437869822485207	0.05917159763313609	0.0650887573964497	0.05029585798816568	0.05029585798816568	0.08875739644970414	0.05621301775147929	0.10355029585798817	0.04142011834319527	
0.03260869565217391	0.6304347826086957	0.015217391304347827	0.05434782608695652	0.03260869565217391	0.06739130434782609	0.030434782608695653	0.017391304347826087	0.034782608695652174	0.08478260869565217	
0.031413612565445025	0.56282722513089	0.031413612565445025	0.03926701570680628	0.0968586387434555	0.0549738219895288	0.08900523560209424	0.02356020942408377	0.020942408376963352	0.049738219895287955	
0.06549520766773163	0.23322683706070288	0.12939297124600638	0.01597444089456869	0.3306709265175719	0.05750798722044728	0.03354632587859425	0.03035143769968051	0.051118210862619806	0.052715654952076675	
0.03153153153153153	0.2747747747747748	0.02702702702702703	0.07657657657657657	0.15315315315315314	0.04954954954954955	0.09009009009009009	0.12612612612612611	0.11261261261261261	0.05855855855855856	
0.028037383177570093	0.3037383177570093	0.04205607476635514	0.06542056074766354	0.102803738317757	0.06542056074766354	0.16822429906542055	0.06074766355140187	0.10747663551401869	0.056074766355140186	
0.05636743215031315	0.3757828810020877	0.09603340292275574	0.04592901878914405	0.05636743215031315	0.08559498956158663	0.07306889352818371	0.07933194154488518	0.07724425887265135	0.054279749478079335	
0.03333333333333333	0.3523809523809524	0.03333333333333333	0.05714285714285714	0.047619047619047616	0.07142857142857142	0.15714285714285714	0.04285714285714286	0.13333333333333333	0.07142857142857142	
0.03881987577639751	0.19254658385093168	0.07919254658385093	0.04192546583850932	0.06832298136645963	0.06366459627329192	0.36180124223602483	0.06366459627329192	0.05745341614906832	0.03260869565217391	
0.049079754601226995	0.4294478527607362	0.03067484662576687	0.05521472392638037	0.07975460122699386	0.11042944785276074	0.0736196319018405	0.03067484662576687	0.10429447852760736	0.03680981595092025	
0.056179775280898875	0.3202247191011236	0.08426966292134831	0.056179775280898875	0.06179775280898876	0.15730337078651685	0.12359550561797752	0.028089887640449437	0.056179775280898875	0.056179775280898875	
0.050980392156862744	0.32941176470588235	0.07450980392156863	0.0392156862745098	0.08235294117647059	0.1568627450980392	0.08627450980392157	0.06274509803921569	0.08627450980392157	0.03137254901960784	
0.029895366218236172	0.3632286995515695	0.013452914798206279	0.04932735426008968	0.05082212257100149	0.21973094170403587	0.09417040358744394	0.06427503736920777	0.07324364723467862	0.04185351270553064	
0.0325	0.305	0.045	0.0275	0.0725	0.0925	0.0775	0.1125	0.1825	0.0525	
0.0449438202247191	0.48314606741573035	0.03932584269662921	0.03932584269662921	0.0449438202247191	0.07303370786516854	0.03932584269662921	0.07865168539325842	0.11235955056179775	0.0449438202247191	
0.043824701195219126	0.20916334661354583	0.02390438247011952	0.0398406374501992	0.029880478087649404	0.0697211155378486	0.0398406374501992	0.4243027888446215	0.037848605577689244	0.08167330677290836	
0.04861111111111111	0.4236111111111111	0.052083333333333336	0.03819444444444445	0.024305555555555556	0.041666666666666664	0.04513888888888889	0.1076388888888889	0.17708333333333334	0.041666666666666664	
0.0975609756097561	0.14634146341463414	0.10975609756097561	0.07317073170731707	0.07317073170731707	0.14634146341463414	0.06097560975609756	0.12195121951219512	0.07317073170731707	0.0975609756097561	
0.11299435028248588	0.3220338983050847	0.062146892655367235	0.05649717514124294	0.07344632768361582	0.11864406779661017	0.05084745762711865	0.03954802259887006	0.11299435028248588	0.05084745762711865	
0.13213213213213212	0.32732732732732733	0.11861861861861862	0.015015015015015015	0.12987987987987987	0.10735735735735735	0.027777777777777776	0.03228228228228228	0.044294294294294295	0.06531531531531531	
0.03610675039246468	0.521193092621664	0.06750392464678179	0.03453689167974882	0.0706436420722135	0.08634222919937205	0.06436420722135008	0.03296703296703297	0.04552590266875981	0.04081632653061224	
0.031914893617021274	0.20212765957446807	0.0851063829787234	0.06914893617021277	0.05319148936170213	0.047872340425531915	0.05851063829787234	0.07446808510638298	0.31382978723404253	0.06382978723404255	
0.027982326951399118	0.31075110456553756	0.044182621502209134	0.07658321060382917	0.047128129602356406	0.12371134020618557	0.10603829160530191	0.041237113402061855	0.187039764359352	0.035346097201767304	
0.020642201834862386	0.5321100917431193	0.02522935779816514	0.052752293577981654	0.03211009174311927	0.08256880733944955	0.0779816513761468	0.07568807339449542	0.07110091743119266	0.02981651376146789	
0.03837953091684435	0.39232409381663114	0.057569296375266525	0.08955223880597014	0.0255863539445629	0.11300639658848614	0.0767590618336887	0.04904051172707889	0.11513859275053305	0.042643923240938165	
0.03625377643504532	0.4199395770392749	0.03625377643504532	0.06042296072507553	0.06948640483383686	0.08459214501510574	0.06948640483383686	0.030211480362537766	0.14803625377643503	0.045317220543806644	
0.04187192118226601	0.29802955665024633	0.03694581280788178	0.04433497536945813	0.07389162561576355	0.13793103448275862	0.03940886699507389	0.0665024630541872	0.19458128078817735	0.0665024630541872	
0.05759162303664921	0.2617801047120419	0.031413612565445025	0.03664921465968586	0.031413612565445025	0.193717277486911	0.08376963350785341	0.08900523560209424	0.08376963350785341	0.13089005235602094	
0.1340782122905028	0.21787709497206703	0.055865921787709494	0.027932960893854747	0.0335195530726257	0.10614525139664804	0.03910614525139665	0.0335195530726257	0.061452513966480445	0.2905027932960894	
0.1022964509394572	0.23799582463465555	0.03549060542797495	0.022964509394572025	0.054279749478079335	0.05845511482254697	0.04384133611691023	0.022964509394572025	0.08977035490605428	0.33194154488517746	
0.05511811023622047	0.2440944881889764	0.07086614173228346	0.03937007874015748	0.03937007874015748	0.06299212598425197	0.07086614173228346	0.07086614173228346	0.10236220472440945	0.2440944881889764	
0.0273972602739726	0.3047945205479452	0.1404109589041096	0.032534246575342464	0.02226027397260274	0.03424657534246575	0.04280821917808219	0.046232876712328765	0.06335616438356165	0.285958904109589	
0.10743801652892562	0.19421487603305784	0.05785123966942149	0.09504132231404959	0.024793388429752067	0.0743801652892562	0.049586776859504134	0.1322314049586777	0.04132231404958678	0.2231404958677686	
0.16954022988505746	0.16954022988505746	0.15229885057471265	0.05172413793103448	0.05747126436781609	0.04597701149425287	0.034482758620689655	0.07183908045977011	0.07471264367816093	0.1724137931034483	
0.1504424778761062	0.1592920353982301	0.11504424778761062	0.04424778761061947	0.10619469026548672	0.05309734513274336	0.05309734513274336	0.04424778761061947	0.04424778761061947	0.23008849557522124	
0.17551020408163265	0.21224489795918366	0.0326530612244898	0.02040816326530612	0.09795918367346938	0.053061224489795916	0.04081632653061224	0.08571428571428572	0.11020408163265306	0.17142857142857143	
0.041189931350114416	0.14874141876430205	0.02288329519450801	0.020594965675057208	0.05491990846681922	0.05263157894736842	0.020594965675057208	0.059496567505720827	0.05263157894736842	0.5263157894736842	
0.05405405405405406	0.23423423423423423	0.03153153153153153	0.08108108108108109	0.02252252252252252	0.04504504504504504	0.07657657657657657	0.05405405405405406	0.02702702702702703	0.3738738738738739	
0.06164383561643835	0.1643835616438356	0.08904109589041095	0.06164383561643835	0.03424657534246575	0.0821917808219178	0.06164383561643835	0.06164383561643835	0.03424657534246575	0.3493150684931507	
0.04950495049504951	0.25742574257425743	0.054455445544554455	0.07425742574257425	0.04455445544554455	0.034653465346534656	0.0891089108910891	0.06435643564356436	0.024752475247524754	0.3069306930693069	
0.11764705882352941	0.08235294117647059	0.16470588235294117	0.07058823529411765	0.09411764705882353	0.07058823529411765	0.08235294117647059	0.09411764705882353	0.058823529411764705	0.16470588235294117	
0.12935323383084577	0.07960199004975124	0.08955223880597014	0.12935323383084577	0.04975124378109453	0.04477611940298507	0.08955223880597014	0.06467661691542288	0.06467661691542288	0.25870646766169153	
0.043478260869565216	0.1826086956521739	0.12173913043478261	0.06086956521739131	0.1	0.034782608695652174	0.08260869565217391	0.1	0.06086956521739131	0.21304347826086956	
0.20899470899470898	0.13756613756613756	0.05555555555555555	0.015873015873015872	0.08465608465608465	0.15079365079365079	0.05026455026455026	0.10317460317460317	0.06613756613756613	0.12698412698412698	
0.08333333333333333	0.2222222222222222	0.1111111111111111	0.03888888888888889	0.07222222222222222	0.03333333333333333	0.07777777777777778	0.08888888888888889	0.05555555555555555	0.21666666666666667	
0.05339805825242718	0.23058252427184467	0.05339805825242718	0.03398058252427184	0.2645631067961165	0.0703883495145631	0.05825242718446602	0.0412621359223301	0.13592233009708737	0.05825242718446602	
0.1550695825049702	0.07157057654075547	0.055666003976143144	0.0636182902584493	0.3956262425447316	0.0536779324055666	0.041749502982107355	0.02385685884691849	0.06560636182902585	0.073558648111332	
0.08179419525065963	0.1820580474934037	0.10290237467018469	0.06596306068601583	0.2796833773087071	0.052770448548812667	0.0712401055408971	0.044854881266490766	0.079155672823219	0.0395778364116095	
0.07575757575757576	0.23484848484848486	0.06060606060606061	0.045454545454545456	0.14393939393939395	0.06060606060606061	0.09090909090909091	0.07575757575757576	0.11363636363636363	0.09848484848484848	
0.06282722513089005	0.2356020942408377	0.08376963350785341	0.05235602094240838	0.10471204188481675	0.07329842931937172	0.031413612565445025	0.04712041884816754	0.2094240837696335	0.09947643979057591	
0.11173184357541899	0.30726256983240224	0.061452513966480445	0.0446927374301676	0.05027932960893855	0.0446927374301676	0.055865921787709494	0.061452513966480445	0.18435754189944134	0.0782122905027933	
0.023255813953488372	0.3875968992248062	0.027131782945736434	0.050387596899224806	0.027131782945736434	0.09302325581395349	0.12790697674418605	0.05813953488372093	0.09689922480620156	0.10852713178294573	
0.06493506493506493	0.15584415584415584	0.06493506493506493	0.09090909090909091	0.06493506493506493	0.14285714285714285	0.07792207792207792	0.12987012987012986	0.12987012987012986	0.07792207792207792	
0.09513742071881606	0.2938689217758985	0.019027484143763214	0.07822410147991543	0.15856236786469344	0.023255813953488372	0.040169133192389	0.05919661733615222	0.19873150105708245	0.03382663847780127	
0.021164021164021163	0.376984126984127	0.03042328042328042	0.041005291005291	0.25793650793650796	0.02513227513227513	0.05952380952380952	0.047619047619047616	0.11243386243386243	0.027777777777777776	
0.06666666666666667	0.25333333333333335	0.06666666666666667	0.06666666666666667	0.13333333333333333	0.09333333333333334	0.09333333333333334	0.06666666666666667	0.08	0.08	
0.018270401948842874	0.5286236297198539	0.012180267965895249	0.04141291108404385	0.06455542021924482	0.049939098660170524	0.14859926918392205	0.015834348355663823	0.0828258221680877	0.037758830694275276	
0.08076923076923077	0.46923076923076923	0.046153846153846156	0.03076923076923077	0.07307692307692308	0.05	0.08846153846153847	0.046153846153846156	0.06923076923076923	0.046153846153846156	
0.024390243902439025	0.44947735191637633	0.041811846689895474	0.04529616724738676	0.059233449477351915	0.04878048780487805	0.10452961672473868	0.05226480836236934	0.12195121951219512	0.05226480836236934	
0.11557788944723618	0.271356783919598	0.04020100502512563	0.08542713567839195	0.1507537688442211	0.05527638190954774	0.06030150753768844	0.04522613065326633	0.1407035175879397	0.035175879396984924	
0.06521739130434782	0.2717391304347826	0.05434782608695652	0.09782608695652174	0.08695652173913043	0.07608695652173914	0.08695652173913043	0.07608695652173914	0.13043478260869565	0.05434782608695652	
0.06140350877192982	0.5570175438596491	0.02631578947368421	0.039473684210526314	0.07456140350877193	0.07894736842105263	0.02631578947368421	0.043859649122807015	0.043859649122807015	0.04824561403508772	
0.023504273504273504	0.5042735042735043	0.029914529914529916	0.038461538461538464	0.07692307692307693	0.05128205128205128	0.04700854700854701	0.05555555555555555	0.14316239316239315	0.029914529914529916	
0.027586206896551724	0.2896551724137931	0.07126436781609195	0.04827586206896552	0.06206896551724138	0.034482758620689655	0.06206896551724138	0.04597701149425287	0.296551724137931	0.06206896551724138	
0.030249110320284697	0.49466192170818507	0.028469750889679714	0.03558718861209965	0.09786476868327403	0.0693950177935943	0.046263345195729534	0.026690391459074734	0.11387900355871886	0.05693950177935943	
0.06422018348623854	0.30275229357798167	0.05504587155963303	0.05504587155963303	0.10091743119266056	0.09174311926605505	0.07339449541284404	0.05504587155963303	0.13761467889908258	0.06422018348623854	
0.03260869565217391	0.21195652173913043	0.043478260869565216	0.07065217391304347	0.1793478260869565	0.02717391304347826	0.09239130434782608	0.09239130434782608	0.1956521739130435	0.05434782608695652	
0.1279826464208243	0.0911062906724512	0.04121475054229935	0.04772234273318872	0.14533622559652928	0.06941431670281996	0.17136659436008678	0.039045553145336226	0.2039045553145336	0.06290672451193059	
0.12191103789126853	0.044481054365733116	0.04118616144975288	0.054365733113673806	0.06754530477759473	0.02471169686985173	0.4546952224052718	0.044481054365733116	0.10543657331136738	0.04118616144975288	
0.06986027944111776	0.04590818363273453	0.07784431137724551	0.10578842315369262	0.04590818363273453	0.03792415169660679	0.5548902195608783	0.013972055888223553	0.017964071856287425	0.029940119760479042	
0.11910377358490566	0.09905660377358491	0.08608490566037735	0.06485849056603774	0.08018867924528301	0.03419811320754717	0.4375	0.014150943396226415	0.03773584905660377	0.027122641509433963	
0.09322033898305085	0.06779661016949153	0.288135593220339	0.16101694915254236	0.03728813559322034	0.025423728813559324	0.24915254237288137	0.011864406779661017	0.015254237288135594	0.05084745762711865	
0.3087248322147651	0.05201342281879195	0.07885906040268456	0.040268456375838924	0.06375838926174497	0.03355704697986577	0.20302013422818793	0.1040268456375839	0.03523489932885906	0.08053691275167785	
0.11688311688311688	0.10822510822510822	0.03463203463203463	0.047619047619047616	0.05627705627705628	0.03896103896103896	0.44155844155844154	0.03896103896103896	0.06926406926406926	0.047619047619047616	
0.1091703056768559	0.06768558951965066	0.034934497816593885	0.03056768558951965	0.03056768558951965	0.039301310043668124	0.1703056768558952	0.4104803493449782	0.056768558951965066	0.05021834061135371	
0.1076923076923077	0.08205128205128205	0.1076923076923077	0.13846153846153847	0.08205128205128205	0.035897435897435895	0.15897435897435896	0.05128205128205128	0.08717948717948718	0.14871794871794872	
0.22962962962962963	0.07407407407407407	0.04814814814814815	0.044444444444444446	0.02962962962962963	0.11851851851851852	0.03333333333333333	0.1	0.06296296296296296	0.25925925925925924	
0.04794520547945205	0.14383561643835616	0.0821917808219178	0.0410958904109589	0.04794520547945205	0.0684931506849315	0.04794520547945205	0.06164383561643835	0.0410958904109589	0.4178082191780822	
0.26285714285714284	0.08	0.07428571428571429	0.05142857142857143	0.02857142857142857	0.05714285714285714	0.045714285714285714	0.05714285714285714	0.06857142857142857	0.2742857142857143	
0.20270270270270271	0.08108108108108109	0.12162162162162163	0.08108108108108109	0.0945945945945946	0.06756756756756757	0.08108108108108109	0.08108108108108109	0.08108108108108109	0.10810810810810811	
0.2159090909090909	0.07196969696969698	0.19696969696969696	0.026515151515151516	0.06439393939393939	0.03409090909090909	0.01893939393939394	0.026515151515151516	0.026515151515151516	0.3181818181818182	
0.14516129032258066	0.12903225806451613	0.25268817204301075	0.04838709677419355	0.043010752688172046	0.03225806451612903	0.06451612903225806	0.026881720430107527	0.053763440860215055	0.20430107526881722	
0.07042253521126761	0.06103286384976526	0.18309859154929578	0.056338028169014086	0.046948356807511735	0.03286384976525822	0.028169014084507043	0.03286384976525822	0.03286384976525822	0.45539906103286387	
0.17751479289940827	0.15384615384615385	0.20118343195266272	0.047337278106508875	0.05917159763313609	0.03550295857988166	0.047337278106508875	0.10650887573964497	0.029585798816568046	0.14201183431952663	
0.3146067415730337	0.033707865168539325	0.14325842696629212	0.03089887640449438	0.06741573033707865	0.056179775280898875	0.028089887640449437	0.016853932584269662	0.028089887640449437	0.2808988764044944	
0.09090909090909091	0.12121212121212122	0.09090909090909091	0.07575757575757576	0.07575757575757576	0.09090909090909091	0.10606060606060606	0.12121212121212122	0.07575757575757576	0.15151515151515152	
0.12935323383084577	0.17412935323383086	0.14427860696517414	0.03482587064676617	0.05472636815920398	0.05970149253731343	0.12935323383084577	0.10945273631840796	0.05970149253731343	0.1044776119402985	
0.06060606060606061	0.12878787878787878	0.1590909090909091	0.08333333333333333	0.05303030303030303	0.06818181818181818	0.10606060606060606	0.08333333333333333	0.06060606060606061	0.19696969696969696	
0.19047619047619047	0.11428571428571428	0.18571428571428572	0.03333333333333333	0.047619047619047616	0.09047619047619047	0.0380952380952381	0.10952380952380952	0.11428571428571428	0.0761904761904762	
0.2489451476793249	0.12658227848101267	0.029535864978902954	0.06751054852320675	0.04219409282700422	0.10970464135021098	0.02531645569620253	0.11814345991561181	0.08438818565400844	0.14767932489451477	
0.09340659340659341	0.06043956043956044	0.04945054945054945	0.03296703296703297	0.06043956043956044	0.06593406593406594	0.10989010989010989	0.37362637362637363	0.04395604395604396	0.10989010989010989	
0.25257731958762886	0.04639175257731959	0.03608247422680412	0.07216494845360824	0.041237113402061855	0.04639175257731959	0.23711340206185566	0.05670103092783505	0.04639175257731959	0.16494845360824742	
0.03571428571428571	0.0663265306122449	0.11224489795918367	0.18877551020408162	0.04081632653061224	0.04591836734693878	0.14285714285714285	0.04081632653061224	0.030612244897959183	0.29591836734693877	
0.06976744186046512	0.06976744186046512	0.06976744186046512	0.10465116279069768	0.06976744186046512	0.06976744186046512	0.11627906976744186	0.09302325581395349	0.05813953488372093	0.27906976744186046	
0.09712230215827339	0.08273381294964029	0.09352517985611511	0.18705035971223022	0.039568345323741004	0.025179856115107913	0.08633093525179857	0.03237410071942446	0.04316546762589928	0.3129496402877698	
