0.09836065573770492	0.08196721311475409	0.11475409836065574	0.08196721311475409	0.09836065573770492	0.08196721311475409	0.09836065573770492	0.13114754098360656	0.11475409836065574	0.09836065573770492	
0.0710431654676259	0.18974820143884893	0.09082733812949641	0.04946043165467626	0.022482014388489208	0.02877697841726619	0.06654676258992806	0.42985611510791366	0.0368705035971223	0.014388489208633094	
0.1	0.1967741935483871	0.0967741935483871	0.06451612903225806	0.03870967741935484	0.04516129032258064	0.05806451612903226	0.2967741935483871	0.04838709677419355	0.054838709677419356	
0.05813953488372093	0.11627906976744186	0.08139534883720931	0.05813953488372093	0.05813953488372093	0.10465116279069768	0.10465116279069768	0.19767441860465115	0.11627906976744186	0.10465116279069768	
0.06930693069306931	0.07920792079207921	0.16831683168316833	0.0594059405940594	0.07920792079207921	0.07920792079207921	0.07920792079207921	0.24752475247524752	0.0594059405940594	0.07920792079207921	
0.14334470989761092	0.15358361774744028	0.06143344709897611	0.07167235494880546	0.040955631399317405	0.08873720136518772	0.034129692832764506	0.32764505119453924	0.04778156996587031	0.030716723549488054	
0.06181818181818182	0.09454545454545454	0.07272727272727272	0.09454545454545454	0.04	0.07636363636363637	0.04727272727272727	0.3781818181818182	0.05818181818181818	0.07636363636363637	
0.0815450643776824	0.055793991416309016	0.12017167381974249	0.02575107296137339	0.034334763948497854	0.08583690987124463	0.060085836909871244	0.2703862660944206	0.08583690987124463	0.18025751072961374	
0.0967741935483871	0.1935483870967742	0.07168458781362007	0.05017921146953405	0.03225806451612903	0.05017921146953405	0.11827956989247312	0.24731182795698925	0.05734767025089606	0.08243727598566308	
0.05405405405405406	0.14594594594594595	0.07927927927927927	0.02882882882882883	0.021621621621621623	0.025225225225225224	0.05405405405405406	0.4126126126126126	0.12072072072072072	0.05765765765765766	
0.08854166666666667	0.16145833333333334	0.23958333333333334	0.03125	0.057291666666666664	0.052083333333333336	0.057291666666666664	0.203125	0.052083333333333336	0.057291666666666664	
0.112	0.144	0.048	0.08	0.056	0.064	0.048	0.248	0.112	0.088	
0.06060606060606061	0.3575757575757576	0.07878787878787878	0.024242424242424242	0.030303030303030304	0.03939393939393939	0.07878787878787878	0.22121212121212122	0.05454545454545454	0.05454545454545454	
0.10894941634241245	0.12840466926070038	0.1517509727626459	0.07392996108949416	0.0311284046692607	0.019455252918287938	0.058365758754863814	0.35019455252918286	0.04669260700389105	0.0311284046692607	
0.05565217391304348	0.10434782608695652	0.2678260869565217	0.03826086956521739	0.022608695652173914	0.04869565217391304	0.04695652173913043	0.3426086956521739	0.04173913043478261	0.03130434782608696	
0.046875	0.0859375	0.078125	0.0546875	0.0625	0.2109375	0.09375	0.1953125	0.0546875	0.1171875	
0.041401273885350316	0.044585987261146494	0.06369426751592357	0.1178343949044586	0.03184713375796178	0.1910828025477707	0.03821656050955414	0.2484076433121019	0.16560509554140126	0.05732484076433121	
0.05263157894736842	0.22105263157894736	0.07894736842105263	0.05263157894736842	0.07894736842105263	0.08947368421052632	0.07368421052631578	0.14736842105263157	0.13157894736842105	0.07368421052631578	
0.13187954309449637	0.14953271028037382	0.21079958463136034	0.04361370716510903	0.035306334371754934	0.040498442367601244	0.08099688473520249	0.23156801661474558	0.0529595015576324	0.02284527518172378	
0.11212121212121212	0.08787878787878788	0.03333333333333333	0.05757575757575758	0.01818181818181818	0.051515151515151514	0.3696969696969697	0.20303030303030303	0.030303030303030304	0.03636363636363636	
0.0912863070539419	0.17012448132780084	0.06639004149377593	0.03734439834024896	0.05394190871369295	0.058091286307053944	0.07883817427385892	0.3360995850622407	0.04564315352697095	0.06224066390041494	
0.11235955056179775	0.1797752808988764	0.13857677902621723	0.04868913857677903	0.026217228464419477	0.04868913857677903	0.03745318352059925	0.17228464419475656	0.18352059925093633	0.052434456928838954	
0.06666666666666667	0.08405797101449275	0.17971014492753623	0.04057971014492753	0.017391304347826087	0.0463768115942029	0.0463768115942029	0.336231884057971	0.14202898550724638	0.04057971014492753	
0.06353591160220995	0.06077348066298342	0.08839779005524862	0.0718232044198895	0.022099447513812154	0.12154696132596685	0.027624309392265192	0.2569060773480663	0.26243093922651933	0.024861878453038673	
0.040229885057471264	0.022988505747126436	0.04789272030651341	0.04789272030651341	0.017241379310344827	0.32950191570881227	0.038314176245210725	0.2260536398467433	0.20306513409961685	0.02681992337164751	
0.059907834101382486	0.055299539170506916	0.03686635944700461	0.03225806451612903	0.04608294930875576	0.15668202764976957	0.06912442396313365	0.3317972350230415	0.14746543778801843	0.06451612903225806	
0.06532663316582915	0.07035175879396985	0.05527638190954774	0.07537688442211055	0.06532663316582915	0.1507537688442211	0.07537688442211055	0.2613065326633166	0.09045226130653267	0.09045226130653267	
0.06397306397306397	0.1447811447811448	0.21548821548821548	0.06060606060606061	0.026936026936026935	0.03367003367003367	0.04713804713804714	0.32323232323232326	0.05387205387205387	0.030303030303030304	
0.2129032258064516	0.15483870967741936	0.14193548387096774	0.04516129032258064	0.03870967741935484	0.09032258064516129	0.05806451612903226	0.13548387096774195	0.08387096774193549	0.03870967741935484	
0.05417607223476298	0.02708803611738149	0.01805869074492099	0.05869074492099323	0.013544018058690745	0.05191873589164785	0.03160270880361174	0.2325056433408578	0.3837471783295711	0.12866817155756208	
0.03177570093457944	0.0691588785046729	0.07850467289719626	0.056074766355140186	0.016822429906542057	0.048598130841121495	0.041121495327102804	0.3719626168224299	0.22990654205607478	0.056074766355140186	
0.06837606837606838	0.08547008547008547	0.10256410256410256	0.05982905982905983	0.09401709401709402	0.1452991452991453	0.042735042735042736	0.15384615384615385	0.19658119658119658	0.05128205128205128	
0.125	0.16666666666666666	0.07291666666666667	0.08333333333333333	0.07291666666666667	0.052083333333333336	0.0625	0.13541666666666666	0.14583333333333334	0.08333333333333333	
0.03205128205128205	0.07051282051282051	0.041666666666666664	0.057692307692307696	0.038461538461538464	0.14423076923076922	0.03205128205128205	0.32051282051282054	0.22435897435897437	0.038461538461538464	
0.03902439024390244	0.03902439024390244	0.04878048780487805	0.05853658536585366	0.04878048780487805	0.08780487804878048	0.07317073170731707	0.3804878048780488	0.1073170731707317	0.11707317073170732	
0.047619047619047616	0.05291005291005291	0.06878306878306878	0.0582010582010582	0.042328042328042326	0.06878306878306878	0.07936507936507936	0.4497354497354497	0.08994708994708994	0.042328042328042326	
0.08185053380782918	0.13167259786476868	0.046263345195729534	0.042704626334519574	0.021352313167259787	0.03202846975088968	0.05338078291814947	0.47686832740213525	0.060498220640569395	0.05338078291814947	
0.045307443365695796	0.1262135922330097	0.06796116504854369	0.11003236245954692	0.045307443365695796	0.08414239482200647	0.045307443365695796	0.37540453074433655	0.05177993527508091	0.04854368932038835	
0.04329004329004329	0.06493506493506493	0.03896103896103896	0.12121212121212122	0.047619047619047616	0.03463203463203463	0.0735930735930736	0.31601731601731603	0.11688311688311688	0.14285714285714285	
0.16473317865429235	0.10440835266821345	0.04176334106728538	0.14617169373549885	0.04640371229698376	0.05104408352668213	0.025522041763341066	0.22041763341067286	0.12296983758700696	0.0765661252900232	
0.05813953488372093	0.08139534883720931	0.06395348837209303	0.05232558139534884	0.05232558139534884	0.05813953488372093	0.06395348837209303	0.4069767441860465	0.11627906976744186	0.046511627906976744	
0.05190311418685121	0.09688581314878893	0.05190311418685121	0.09688581314878893	0.04152249134948097	0.10034602076124567	0.04844290657439446	0.2768166089965398	0.09342560553633218	0.14186851211072665	
0.02132701421800948	0.02843601895734597	0.04265402843601896	0.08767772511848342	0.03317535545023697	0.09004739336492891	0.08056872037914692	0.3791469194312796	0.061611374407582936	0.17535545023696683	
0.03938730853391685	0.037199124726477024	0.0437636761487965	0.07221006564551423	0.02188183807439825	0.15098468271334792	0.06345733041575492	0.3435448577680525	0.09190371991247265	0.13566739606126915	
0.041237113402061855	0.032989690721649485	0.05567010309278351	0.09072164948453608	0.020618556701030927	0.07010309278350516	0.18350515463917524	0.29896907216494845	0.07422680412371134	0.13195876288659794	
0.04980842911877394	0.04980842911877394	0.02681992337164751	0.03065134099616858	0.038314176245210725	0.07279693486590039	0.09195402298850575	0.31800766283524906	0.022988505747126436	0.2988505747126437	
0.029082774049217	0.035794183445190156	0.024608501118568233	0.07606263982102908	0.024608501118568233	0.07606263982102908	0.13646532438478748	0.24161073825503357	0.05145413870246085	0.3042505592841163	
0.033426183844011144	0.20334261838440112	0.06685236768802229	0.16434540389972144	0.022284122562674095	0.06406685236768803	0.055710306406685235	0.20055710306406685	0.05013927576601671	0.1392757660167131	
0.032432432432432434	0.043243243243243246	0.02702702702702703	0.16756756756756758	0.043243243243243246	0.0972972972972973	0.16216216216216217	0.24324324324324326	0.05405405405405406	0.12972972972972974	
0.029354207436399216	0.029354207436399216	0.021526418786692758	0.11350293542074363	0.043052837573385516	0.03913894324853229	0.0821917808219178	0.1917808219178082	0.05283757338551859	0.3972602739726027	
0.06428571428571428	0.1	0.05714285714285714	0.09285714285714286	0.07857142857142857	0.05	0.05714285714285714	0.12142857142857143	0.04285714285714286	0.3357142857142857	
0.04838709677419355	0.06451612903225806	0.04032258064516129	0.10483870967741936	0.056451612903225805	0.06451612903225806	0.12096774193548387	0.1774193548387097	0.12096774193548387	0.20161290322580644	
0.02711864406779661	0.020338983050847456	0.03728813559322034	0.1423728813559322	0.023728813559322035	0.03389830508474576	0.13220338983050847	0.3593220338983051	0.05423728813559322	0.1694915254237288	
0.11392405063291139	0.0759493670886076	0.0759493670886076	0.11392405063291139	0.10126582278481013	0.0759493670886076	0.0759493670886076	0.13924050632911392	0.06329113924050633	0.16455696202531644	
0.05150214592274678	0.06437768240343347	0.030042918454935622	0.06866952789699571	0.055793991416309016	0.04721030042918455	0.12017167381974249	0.0815450643776824	0.06866952789699571	0.41201716738197425	
0.05631399317406143	0.013651877133105802	0.027303754266211604	0.05460750853242321	0.034129692832764506	0.05802047781569966	0.051194539249146756	0.14846416382252559	0.17918088737201365	0.3771331058020478	
0.07961783439490445	0.1337579617834395	0.06050955414012739	0.03821656050955414	0.07643312101910828	0.028662420382165606	0.03184713375796178	0.36942675159235666	0.12420382165605096	0.05732484076433121	
0.08680555555555555	0.16666666666666666	0.08333333333333333	0.04513888888888889	0.052083333333333336	0.059027777777777776	0.19791666666666666	0.22569444444444445	0.052083333333333336	0.03125	
0.03874538745387454	0.16789667896678967	0.08856088560885608	0.06457564575645756	0.027675276752767528	0.014760147601476014	0.3007380073800738	0.24538745387453875	0.02029520295202952	0.03136531365313653	
0.08888888888888889	0.24166666666666667	0.05555555555555555	0.022222222222222223	0.08055555555555556	0.03888888888888889	0.17222222222222222	0.20555555555555555	0.041666666666666664	0.05277777777777778	
0.03359683794466403	0.06324110671936758	0.03162055335968379	0.12055335968379446	0.05928853754940711	0.05138339920948617	0.308300395256917	0.17193675889328064	0.02766798418972332	0.1324110671936759	
0.060810810810810814	0.16891891891891891	0.05405405405405406	0.060810810810810814	0.04054054054054054	0.060810810810810814	0.1891891891891892	0.1891891891891892	0.04054054054054054	0.13513513513513514	
0.05825242718446602	0.20388349514563106	0.05825242718446602	0.04854368932038835	0.04854368932038835	0.06796116504854369	0.1941747572815534	0.14563106796116504	0.07766990291262135	0.0970873786407767	
0.09722222222222222	0.09722222222222222	0.06944444444444445	0.06944444444444445	0.08333333333333333	0.1388888888888889	0.1111111111111111	0.125	0.08333333333333333	0.125	
0.050746268656716415	0.191044776119403	0.0626865671641791	0.023880597014925373	0.023880597014925373	0.03283582089552239	0.22686567164179106	0.3194029850746269	0.01791044776119403	0.050746268656716415	
0.041237113402061855	0.12371134020618557	0.037800687285223365	0.044673539518900345	0.058419243986254296	0.08934707903780069	0.4054982817869416	0.15120274914089346	0.024054982817869417	0.024054982817869417	
0.047080979284369114	0.07532956685499058	0.030131826741996232	0.04519774011299435	0.03954802259887006	0.04519774011299435	0.4576271186440678	0.2015065913370998	0.02824858757062147	0.030131826741996232	
0.05063291139240506	0.04430379746835443	0.03164556962025317	0.04746835443037975	0.03164556962025317	0.04746835443037975	0.5411392405063291	0.13924050632911392	0.03164556962025317	0.03481012658227848	
0.0375234521575985	0.013133208255159476	0.01876172607879925	0.07879924953095685	0.01125703564727955	0.03564727954971857	0.5834896810506567	0.13696060037523453	0.0375234521575985	0.04690431519699812	
0.039735099337748346	0.033112582781456956	0.033112582781456956	0.052980132450331126	0.033112582781456956	0.039735099337748346	0.5033112582781457	0.059602649006622516	0.07947019867549669	0.12582781456953643	
0.05037783375314862	0.05037783375314862	0.07052896725440806	0.09571788413098237	0.02518891687657431	0.037783375314861464	0.4256926952141058	0.163727959697733	0.042821158690176324	0.037783375314861464	
0.031189083820662766	0.03508771929824561	0.037037037037037035	0.09161793372319688	0.029239766081871343	0.021442495126705652	0.5399610136452242	0.11500974658869395	0.015594541910331383	0.08382066276803118	
0.0387409200968523	0.15012106537530268	0.05084745762711865	0.053268765133171914	0.026634382566585957	0.043583535108958835	0.2736077481840194	0.24939467312348668	0.04600484261501211	0.06779661016949153	
0.04460966542750929	0.024163568773234202	0.06505576208178439	0.1449814126394052	0.01486988847583643	0.020446096654275093	0.3903345724907063	0.1654275092936803	0.07063197026022305	0.05947955390334572	
0.057692307692307696	0.07051282051282051	0.0641025641025641	0.0641025641025641	0.03205128205128205	0.038461538461538464	0.391025641025641	0.1987179487179487	0.038461538461538464	0.04487179487179487	
0.056962025316455694	0.0759493670886076	0.056962025316455694	0.06329113924050633	0.04430379746835443	0.056962025316455694	0.31645569620253167	0.10759493670886076	0.10126582278481013	0.12025316455696203	
0.03879310344827586	0.05172413793103448	0.04741379310344827	0.05603448275862069	0.03879310344827586	0.07758620689655173	0.4396551724137931	0.10344827586206896	0.09051724137931035	0.05603448275862069	
0.0703883495145631	0.2936893203883495	0.08980582524271845	0.04854368932038835	0.04854368932038835	0.050970873786407765	0.1383495145631068	0.10922330097087378	0.03640776699029126	0.11407766990291263	
0.043209876543209874	0.043209876543209874	0.08024691358024691	0.08024691358024691	0.030864197530864196	0.06790123456790123	0.345679012345679	0.1111111111111111	0.06172839506172839	0.13580246913580246	
0.13302752293577982	0.06422018348623854	0.05045871559633028	0.03211009174311927	0.022935779816513763	0.045871559633027525	0.5091743119266054	0.06880733944954129	0.03669724770642202	0.03669724770642202	
0.09333333333333334	0.10666666666666667	0.09333333333333334	0.08	0.06666666666666667	0.06666666666666667	0.08	0.28	0.06666666666666667	0.06666666666666667	
0.031746031746031744	0.022222222222222223	0.03492063492063492	0.1111111111111111	0.050793650793650794	0.050793650793650794	0.02857142857142857	0.17777777777777778	0.28888888888888886	0.20317460317460317	
0.0582010582010582	0.07936507936507936	0.06349206349206349	0.10582010582010581	0.031746031746031744	0.042328042328042326	0.047619047619047616	0.2857142857142857	0.21693121693121692	0.06878306878306878	
0.06329113924050633	0.10126582278481013	0.08227848101265822	0.08860759493670886	0.0379746835443038	0.06329113924050633	0.06962025316455696	0.2721518987341772	0.06962025316455696	0.1518987341772152	
0.027777777777777776	0.051587301587301584	0.03571428571428571	0.1746031746031746	0.031746031746031744	0.05952380952380952	0.09523809523809523	0.2896825396825397	0.09126984126984126	0.14285714285714285	
0.06	0.04	0.04666666666666667	0.12666666666666668	0.06666666666666667	0.04	0.09333333333333334	0.19333333333333333	0.04666666666666667	0.2866666666666667	
0.03557312252964427	0.039525691699604744	0.05533596837944664	0.3241106719367589	0.03162055335968379	0.05533596837944664	0.06719367588932806	0.22529644268774704	0.06324110671936758	0.10276679841897234	
0.07602339181286549	0.04678362573099415	0.07017543859649122	0.12280701754385964	0.10526315789473684	0.08187134502923976	0.07602339181286549	0.2573099415204678	0.07602339181286549	0.08771929824561403	
0.046875	0.0703125	0.0625	0.234375	0.0625	0.0703125	0.046875	0.25	0.046875	0.109375	
0.06666666666666667	0.04242424242424243	0.07272727272727272	0.20606060606060606	0.07272727272727272	0.09090909090909091	0.06060606060606061	0.2	0.09696969696969697	0.09090909090909091	
0.03536977491961415	0.10932475884244373	0.09003215434083602	0.13183279742765272	0.14469453376205788	0.07395498392282958	0.06109324758842444	0.1864951768488746	0.04501607717041801	0.12218649517684887	
0.026859504132231406	0.0371900826446281	0.08264462809917356	0.1921487603305785	0.024793388429752067	0.05785123966942149	0.2190082644628099	0.2066115702479339	0.01652892561983471	0.13636363636363635	
0.03435114503816794	0.0916030534351145	0.08015267175572519	0.1183206106870229	0.022900763358778626	0.04580152671755725	0.3244274809160305	0.19083969465648856	0.061068702290076333	0.030534351145038167	
0.05228758169934641	0.0915032679738562	0.0457516339869281	0.16339869281045752	0.058823529411764705	0.05228758169934641	0.29411764705882354	0.12418300653594772	0.06535947712418301	0.05228758169934641	
0.08771929824561403	0.08771929824561403	0.08771929824561403	0.08771929824561403	0.14035087719298245	0.08771929824561403	0.08771929824561403	0.10526315789473684	0.10526315789473684	0.12280701754385964	
0.057971014492753624	0.036231884057971016	0.06521739130434782	0.08695652173913043	0.12318840579710146	0.057971014492753624	0.2463768115942029	0.21739130434782608	0.043478260869565216	0.06521739130434782	
0.04825737265415549	0.058981233243967826	0.040214477211796246	0.11796246648793565	0.3109919571045576	0.05361930294906166	0.04825737265415549	0.16621983914209115	0.08042895442359249	0.07506702412868632	
0.07236842105263158	0.046052631578947366	0.05921052631578947	0.07236842105263158	0.06578947368421052	0.046052631578947366	0.1513157894736842	0.32894736842105265	0.03289473684210526	0.125	
0.04119850187265917	0.033707865168539325	0.026217228464419477	0.10861423220973783	0.0299625468164794	0.026217228464419477	0.31086142322097376	0.19850187265917604	0.04868913857677903	0.1760299625468165	
0.06542056074766354	0.08411214953271028	0.06542056074766354	0.11214953271028037	0.056074766355140186	0.06542056074766354	0.18691588785046728	0.205607476635514	0.04672897196261682	0.11214953271028037	
0.06015037593984962	0.03759398496240601	0.045112781954887216	0.16541353383458646	0.06766917293233082	0.06766917293233082	0.2556390977443609	0.18796992481203006	0.045112781954887216	0.06766917293233082	
0.016666666666666666	0.02857142857142857	0.02857142857142857	0.21904761904761905	0.023809523809523808	0.02142857142857143	0.22142857142857142	0.27380952380952384	0.0380952380952381	0.12857142857142856	
0.03225806451612903	0.04032258064516129	0.036290322580645164	0.22983870967741934	0.036290322580645164	0.04838709677419355	0.17338709677419356	0.13709677419354838	0.028225806451612902	0.23790322580645162	
0.08227848101265822	0.0949367088607595	0.03164556962025317	0.11392405063291139	0.04430379746835443	0.056962025316455694	0.26582278481012656	0.189873417721519	0.0379746835443038	0.08227848101265822	
0.018691588785046728	0.048598130841121495	0.056074766355140186	0.056074766355140186	0.048598130841121495	0.07102803738317758	0.07102803738317758	0.2336448598130841	0.028037383177570093	0.36822429906542054	
0.06367041198501873	0.149812734082397	0.07303370786516854	0.020599250936329586	0.052434456928838954	0.06179775280898876	0.03745318352059925	0.449438202247191	0.03932584269662921	0.052434456928838954	
0.10982658959537572	0.11560693641618497	0.07514450867052024	0.06358381502890173	0.04046242774566474	0.023121387283236993	0.04046242774566474	0.4479768786127168	0.057803468208092484	0.02601156069364162	
0.053488372093023255	0.10465116279069768	0.06046511627906977	0.06279069767441861	0.11162790697674418	0.07674418604651163	0.04186046511627907	0.4069767441860465	0.02558139534883721	0.05581395348837209	
0.05604719764011799	0.20058997050147492	0.09734513274336283	0.05309734513274336	0.04424778761061947	0.05014749262536873	0.032448377581120944	0.3746312684365782	0.06784660766961652	0.02359882005899705	
0.03253796095444685	0.03470715835140998	0.039045553145336226	0.08893709327548807	0.013015184381778741	0.0455531453362256	0.049891540130151846	0.6420824295010846	0.026030368763557483	0.028199566160520606	
0.08638743455497382	0.03664921465968586	0.07591623036649214	0.05759162303664921	0.02617801047120419	0.03926701570680628	0.04450261780104712	0.5602094240837696	0.03664921465968586	0.03664921465968586	
0.3449367088607595	0.05063291139240506	0.03955696202531646	0.11550632911392406	0.02531645569620253	0.07120253164556962	0.06487341772151899	0.20411392405063292	0.020569620253164556	0.06329113924050633	
0.15246636771300448	0.14798206278026907	0.12556053811659193	0.04932735426008968	0.05829596412556054	0.07623318385650224	0.03139013452914798	0.242152466367713	0.08071748878923767	0.03587443946188341	
0.06046511627906977	0.09302325581395349	0.19069767441860466	0.07906976744186046	0.05581395348837209	0.06511627906976744	0.023255813953488372	0.3023255813953488	0.09302325581395349	0.037209302325581395	
0.02286902286902287	0.10810810810810811	0.07068607068607069	0.0498960498960499	0.09771309771309772	0.0498960498960499	0.07276507276507277	0.36174636174636177	0.079002079002079	0.08731808731808732	
0.07692307692307693	0.10096153846153846	0.12980769230769232	0.04326923076923077	0.057692307692307696	0.04807692307692308	0.03365384615384615	0.35096153846153844	0.08173076923076923	0.07692307692307693	
0.10866141732283464	0.04409448818897638	0.15433070866141732	0.01732283464566929	0.06614173228346457	0.06929133858267716	0.025196850393700787	0.3763779527559055	0.047244094488188976	0.09133858267716535	
0.04216867469879518	0.13855421686746988	0.07228915662650602	0.03614457831325301	0.05421686746987952	0.060240963855421686	0.06626506024096386	0.42771084337349397	0.06626506024096386	0.03614457831325301	
0.061452513966480445	0.08379888268156424	0.13966480446927373	0.07262569832402235	0.0446927374301676	0.16201117318435754	0.055865921787709494	0.29608938547486036	0.0335195530726257	0.05027932960893855	
0.08139534883720931	0.13565891472868216	0.05426356589147287	0.03488372093023256	0.10465116279069768	0.16279069767441862	0.03488372093023256	0.3023255813953488	0.031007751937984496	0.05813953488372093	
0.05710102489019034	0.12152269399707175	0.10102489019033675	0.0424597364568082	0.05710102489019034	0.19912152269399708	0.029282576866764276	0.3367496339677892	0.03074670571010249	0.024890190336749635	
0.09135802469135802	0.21975308641975308	0.07160493827160494	0.03209876543209877	0.09382716049382717	0.05925925925925926	0.0691358024691358	0.3012345679012346	0.03209876543209877	0.02962962962962963	
0.06179775280898876	0.17415730337078653	0.056179775280898875	0.03932584269662921	0.0449438202247191	0.0449438202247191	0.05056179775280899	0.4550561797752809	0.03932584269662921	0.033707865168539325	
0.05009633911368015	0.07129094412331406	0.03468208092485549	0.025048169556840076	0.3352601156069364	0.07321772639691715	0.030828516377649325	0.2774566473988439	0.04046242774566474	0.06165703275529865	
0.024054982817869417	0.24742268041237114	0.03436426116838488	0.048109965635738834	0.05154639175257732	0.06872852233676977	0.037800687285223365	0.4020618556701031	0.048109965635738834	0.037800687285223365	
0.06097560975609756	0.07317073170731707	0.06097560975609756	0.07317073170731707	0.0975609756097561	0.15853658536585366	0.08536585365853659	0.21951219512195122	0.08536585365853659	0.08536585365853659	
0.06179775280898876	0.06741573033707865	0.03932584269662921	0.056179775280898875	0.09550561797752809	0.09550561797752809	0.12921348314606743	0.3146067415730337	0.07303370786516854	0.06741573033707865	
0.08059701492537313	0.08134328358208955	0.04328358208955224	0.04253731343283582	0.024626865671641792	0.06791044776119402	0.1	0.3044776119402985	0.01791044776119403	0.2373134328358209	
0.045454545454545456	0.06739811912225706	0.05329153605015674	0.05329153605015674	0.0438871473354232	0.11755485893416928	0.04231974921630094	0.512539184952978	0.03134796238244514	0.032915360501567396	
0.07936507936507936	0.31216931216931215	0.0582010582010582	0.1111111111111111	0.07407407407407407	0.047619047619047616	0.042328042328042326	0.14814814814814814	0.07936507936507936	0.047619047619047616	
0.04252199413489736	0.3255131964809384	0.09970674486803519	0.07624633431085044	0.045454545454545456	0.11143695014662756	0.036656891495601175	0.15102639296187684	0.08651026392961877	0.024926686217008796	
0.052873563218390804	0.0896551724137931	0.07126436781609195	0.04597701149425287	0.04367816091954023	0.07586206896551724	0.03218390804597701	0.5287356321839081	0.020689655172413793	0.03908045977011494	
0.03177966101694915	0.1652542372881356	0.0635593220338983	0.059322033898305086	0.05296610169491525	0.07203389830508475	0.048728813559322036	0.3855932203389831	0.09110169491525423	0.029661016949152543	
0.08011869436201781	0.1572700296735905	0.10385756676557864	0.03560830860534125	0.026706231454005934	0.0712166172106825	0.04747774480712166	0.4124629080118694	0.03560830860534125	0.02967359050445104	
0.04433497536945813	0.20689655172413793	0.06896551724137931	0.06403940886699508	0.03201970443349754	0.10344827586206896	0.06157635467980296	0.2881773399014778	0.10098522167487685	0.029556650246305417	
0.04639175257731959	0.20103092783505155	0.08247422680412371	0.11855670103092783	0.07731958762886598	0.14432989690721648	0.06701030927835051	0.18556701030927836	0.04639175257731959	0.030927835051546393	
0.0335195530726257	0.0893854748603352	0.055865921787709494	0.29608938547486036	0.027932960893854747	0.08379888268156424	0.13966480446927373	0.1564245810055866	0.05027932960893855	0.0670391061452514	
0.04184100418410042	0.12761506276150628	0.029288702928870293	0.2928870292887029	0.02301255230125523	0.043933054393305436	0.11506276150627615	0.2594142259414226	0.03138075313807531	0.03556485355648536	
0.07874015748031496	0.07874015748031496	0.13385826771653545	0.15748031496062992	0.07086614173228346	0.06299212598425197	0.06299212598425197	0.2677165354330709	0.047244094488188976	0.03937007874015748	
0.025423728813559324	0.0711864406779661	0.03728813559322034	0.2271186440677966	0.07457627118644068	0.04067796610169491	0.05423728813559322	0.3	0.06440677966101695	0.10508474576271186	
0.04132231404958678	0.05371900826446281	0.045454545454545456	0.26859504132231404	0.09917355371900827	0.06198347107438017	0.04132231404958678	0.15289256198347106	0.07024793388429752	0.1652892561983471	
0.05459770114942529	0.09195402298850575	0.034482758620689655	0.19827586206896552	0.05459770114942529	0.04597701149425287	0.1752873563218391	0.15229885057471265	0.040229885057471264	0.15229885057471265	
0.09565217391304348	0.05217391304347826	0.06086956521739131	0.26956521739130435	0.043478260869565216	0.043478260869565216	0.11304347826086956	0.10434782608695652	0.0782608695652174	0.1391304347826087	
0.05714285714285714	0.1673469387755102	0.036734693877551024	0.1510204081632653	0.06938775510204082	0.061224489795918366	0.17142857142857143	0.1836734693877551	0.061224489795918366	0.04081632653061224	
0.05251141552511415	0.05707762557077625	0.04337899543378995	0.3744292237442922	0.0958904109589041	0.0410958904109589	0.0547945205479452	0.20319634703196346	0.0319634703196347	0.045662100456621	
0.058823529411764705	0.03167420814479638	0.049773755656108594	0.2081447963800905	0.07692307692307693	0.04072398190045249	0.04072398190045249	0.2081447963800905	0.06787330316742081	0.2171945701357466	
0.0547945205479452	0.04794520547945205	0.04794520547945205	0.2945205479452055	0.06164383561643835	0.07534246575342465	0.0547945205479452	0.17123287671232876	0.0547945205479452	0.136986301369863	
0.03940886699507389	0.024630541871921183	0.059113300492610835	0.24630541871921183	0.10344827586206896	0.059113300492610835	0.059113300492610835	0.23645320197044334	0.034482758620689655	0.13793103448275862	
0.06976744186046512	0.06976744186046512	0.08139534883720931	0.13953488372093023	0.11627906976744186	0.08139534883720931	0.08139534883720931	0.10465116279069768	0.08139534883720931	0.1744186046511628	
0.039603960396039604	0.039603960396039604	0.08415841584158416	0.2871287128712871	0.07920792079207921	0.0891089108910891	0.0594059405940594	0.09900990099009901	0.08415841584158416	0.13861386138613863	
0.04741379310344827	0.0603448275862069	0.04310344827586207	0.25862068965517243	0.11637931034482758	0.05603448275862069	0.07327586206896551	0.1810344827586207	0.04310344827586207	0.1206896551724138	
0.06036745406824147	0.04199475065616798	0.08923884514435695	0.08923884514435695	0.09186351706036745	0.14173228346456693	0.2047244094488189	0.16010498687664043	0.02099737532808399	0.09973753280839895	
0.08241758241758242	0.04395604395604396	0.08241758241758242	0.13736263736263737	0.17582417582417584	0.06043956043956044	0.027472527472527472	0.24725274725274726	0.038461538461538464	0.1043956043956044	
0.21686746987951808	0.2	0.07951807228915662	0.03855421686746988	0.05783132530120482	0.08433734939759036	0.0746987951807229	0.1686746987951807	0.024096385542168676	0.05542168674698795	
0.32142857142857145	0.0992063492063492	0.015873015873015872	0.0992063492063492	0.015873015873015872	0.047619047619047616	0.18055555555555555	0.09126984126984126	0.06944444444444445	0.05952380952380952	
0.22955145118733508	0.10026385224274406	0.08179419525065963	0.05804749340369393	0.036939313984168866	0.08443271767810026	0.06860158311345646	0.17678100263852242	0.047493403693931395	0.11609498680738786	
0.11363636363636363	0.1590909090909091	0.08333333333333333	0.07575757575757576	0.09090909090909091	0.06818181818181818	0.05303030303030303	0.26515151515151514	0.045454545454545456	0.045454545454545456	
0.04712041884816754	0.2513089005235602	0.05759162303664921	0.09947643979057591	0.08376963350785341	0.10471204188481675	0.05759162303664921	0.2198952879581152	0.04712041884816754	0.031413612565445025	
0.05555555555555555	0.13333333333333333	0.07777777777777778	0.08333333333333333	0.044444444444444446	0.13333333333333333	0.15555555555555556	0.21666666666666667	0.03888888888888889	0.06111111111111111	
0.03488372093023256	0.10465116279069768	0.10852713178294573	0.046511627906976744	0.03488372093023256	0.06976744186046512	0.050387596899224806	0.4418604651162791	0.05813953488372093	0.050387596899224806	
0.06493506493506493	0.12987012987012986	0.11688311688311688	0.09090909090909091	0.09090909090909091	0.06493506493506493	0.09090909090909091	0.18181818181818182	0.09090909090909091	0.07792207792207792	
0.21518987341772153	0.16666666666666666	0.04430379746835443	0.02109704641350211	0.05063291139240506	0.029535864978902954	0.09915611814345991	0.23417721518987342	0.02109704641350211	0.11814345991561181	
0.2922077922077922	0.14155844155844155	0.07012987012987013	0.01818181818181818	0.04415584415584416	0.01818181818181818	0.02987012987012987	0.3168831168831169	0.03636363636363636	0.032467532467532464	
0.14666666666666667	0.06666666666666667	0.06666666666666667	0.12	0.12	0.06666666666666667	0.09333333333333334	0.18666666666666668	0.06666666666666667	0.06666666666666667	
0.0703030303030303	0.09696969696969697	0.1296969696969697	0.03393939393939394	0.025454545454545455	0.0496969696969697	0.024242424242424242	0.5175757575757576	0.041212121212121214	0.01090909090909091	
0.05363984674329502	0.13026819923371646	0.0842911877394636	0.06513409961685823	0.022988505747126436	0.03065134099616858	0.07279693486590039	0.47126436781609193	0.038314176245210725	0.03065134099616858	
0.0657439446366782	0.12110726643598616	0.10726643598615918	0.0657439446366782	0.03460207612456748	0.058823529411764705	0.04152249134948097	0.4463667820069204	0.03806228373702422	0.020761245674740483	
0.135678391959799	0.1658291457286432	0.06030150753768844	0.04522613065326633	0.035175879396984924	0.05025125628140704	0.07035175879396985	0.2663316582914573	0.09045226130653267	0.08040201005025126	
0.10752688172043011	0.12903225806451613	0.0967741935483871	0.053763440860215055	0.07526881720430108	0.0967741935483871	0.06451612903225806	0.23655913978494625	0.07526881720430108	0.06451612903225806	
0.11688311688311688	0.08225108225108226	0.05627705627705628	0.04329004329004329	0.025974025974025976	0.09523809523809523	0.06060606060606061	0.45021645021645024	0.03463203463203463	0.03463203463203463	
0.1127659574468085	0.15531914893617021	0.06808510638297872	0.023404255319148935	0.029787234042553193	0.05106382978723404	0.02553191489361702	0.46382978723404256	0.0425531914893617	0.027659574468085105	
0.06864988558352403	0.2929061784897025	0.08924485125858124	0.043478260869565216	0.02288329519450801	0.07780320366132723	0.05263157894736842	0.2517162471395881	0.059496567505720827	0.041189931350114416	
0.09591474245115453	0.14742451154529307	0.06571936056838366	0.07992895204262877	0.02486678507992895	0.046181172291296625	0.02486678507992895	0.47424511545293074	0.023090586145648313	0.017761989342806393	
0.06422018348623854	0.14678899082568808	0.06422018348623854	0.05504587155963303	0.05504587155963303	0.045871559633027525	0.09174311926605505	0.30275229357798167	0.11009174311926606	0.06422018348623854	
0.2	0.15135135135135136	0.08108108108108109	0.05405405405405406	0.07027027027027027	0.06486486486486487	0.05945945945945946	0.21081081081081082	0.05945945945945946	0.04864864864864865	
0.13978494623655913	0.2537634408602151	0.22580645161290322	0.043010752688172046	0.043010752688172046	0.04516129032258064	0.04086021505376344	0.07956989247311828	0.03870967741935484	0.09032258064516129	
0.05501618122977346	0.06472491909385113	0.4886731391585761	0.02912621359223301	0.06957928802588997	0.02750809061488673	0.07281553398058252	0.05339805825242718	0.0825242718446602	0.05663430420711974	
0.015904572564612324	0.0536779324055666	0.536779324055666	0.041749502982107355	0.02186878727634195	0.033797216699801194	0.04771371769383698	0.04970178926441352	0.10139165009940358	0.09741550695825049	
0.05497076023391813	0.05964912280701754	0.4654970760233918	0.03508771929824561	0.014035087719298246	0.03742690058479532	0.09824561403508772	0.05263157894736842	0.047953216374269005	0.13450292397660818	
0.03035413153456998	0.01517706576728499	0.26812816188870153	0.09443507588532883	0.013490725126475547	0.02866779089376054	0.03709949409780776	0.06070826306913996	0.15177065767284992	0.30016863406408095	
0.03789126853377265	0.085667215815486	0.24052718286655683	0.060955518945634266	0.08072487644151564	0.026359143327841845	0.3228995057660626	0.03789126853377265	0.039538714991762765	0.06754530477759473	
0.04132231404958678	0.05371900826446281	0.512396694214876	0.028925619834710745	0.0371900826446281	0.0371900826446281	0.10743801652892562	0.07851239669421488	0.06198347107438017	0.04132231404958678	
0.027837259100642397	0.05353319057815846	0.1841541755888651	0.02569593147751606	0.43254817987152033	0.029978586723768737	0.0728051391862955	0.059957173447537475	0.02569593147751606	0.08779443254817987	
0.08673469387755102	0.061224489795918366	0.15816326530612246	0.1683673469387755	0.04591836734693878	0.0663265306122449	0.14795918367346939	0.061224489795918366	0.14285714285714285	0.061224489795918366	
0.02214022140221402	0.07749077490774908	0.07749077490774908	0.08487084870848709	0.0996309963099631	0.07011070110701106	0.11439114391143912	0.08856088560885608	0.05166051660516605	0.31365313653136534	
0.07534246575342465	0.04794520547945205	0.0410958904109589	0.3150684931506849	0.06164383561643835	0.0821917808219178	0.0547945205479452	0.10273972602739725	0.0410958904109589	0.1780821917808219	
0.045714285714285714	0.07428571428571429	0.045714285714285714	0.24	0.05142857142857143	0.045714285714285714	0.3028571428571429	0.10285714285714286	0.03428571428571429	0.05714285714285714	
0.10810810810810811	0.06756756756756757	0.08108108108108109	0.10810810810810811	0.08108108108108109	0.06756756756756757	0.24324324324324326	0.10810810810810811	0.06756756756756757	0.06756756756756757	
0.04924242424242424	0.030303030303030304	0.03409090909090909	0.24621212121212122	0.041666666666666664	0.01893939393939394	0.12121212121212122	0.10227272727272728	0.041666666666666664	0.3143939393939394	
0.0427807486631016	0.03208556149732621	0.058823529411764705	0.32085561497326204	0.026737967914438502	0.053475935828877004	0.11764705882352941	0.06951871657754011	0.0374331550802139	0.24064171122994651	
0.041666666666666664	0.023148148148148147	0.027777777777777776	0.4212962962962963	0.037037037037037035	0.041666666666666664	0.10648148148148148	0.0787037037037037	0.046296296296296294	0.17592592592592593	
0.05917159763313609	0.047337278106508875	0.047337278106508875	0.1242603550295858	0.047337278106508875	0.05325443786982249	0.11242603550295859	0.14792899408284024	0.047337278106508875	0.3136094674556213	
0.052924791086350974	0.025069637883008356	0.04178272980501393	0.2590529247910863	0.025069637883008356	0.04178272980501393	0.27019498607242337	0.03064066852367688	0.055710306406685235	0.1977715877437326	
0.07462686567164178	0.07462686567164178	0.08955223880597014	0.08955223880597014	0.1044776119402985	0.07462686567164178	0.08955223880597014	0.08955223880597014	0.08955223880597014	0.22388059701492538	
0.054187192118226604	0.07389162561576355	0.054187192118226604	0.09359605911330049	0.054187192118226604	0.054187192118226604	0.10837438423645321	0.13793103448275862	0.04433497536945813	0.3251231527093596	
0.06015037593984962	0.06766917293233082	0.11278195488721804	0.13533834586466165	0.09774436090225563	0.06015037593984962	0.08270676691729323	0.11278195488721804	0.09022556390977443	0.18045112781954886	
0.07042253521126761	0.1267605633802817	0.03755868544600939	0.056338028169014086	0.09389671361502347	0.04225352112676056	0.1267605633802817	0.08450704225352113	0.03286384976525822	0.3286384976525822	
0.04583333333333333	0.10833333333333334	0.07083333333333333	0.08333333333333333	0.06666666666666667	0.06666666666666667	0.0625	0.1125	0.04583333333333333	0.3375	
0.060109289617486336	0.07103825136612021	0.08196721311475409	0.03825136612021858	0.273224043715847	0.060109289617486336	0.10382513661202186	0.04918032786885246	0.0546448087431694	0.20765027322404372	
0.041237113402061855	0.03608247422680412	0.15463917525773196	0.08762886597938144	0.0979381443298969	0.05670103092783505	0.06701030927835051	0.061855670103092786	0.05670103092783505	0.3402061855670103	
0.04081632653061224	0.030612244897959183	0.1683673469387755	0.25	0.030612244897959183	0.04081632653061224	0.04081632653061224	0.07142857142857142	0.1683673469387755	0.15816326530612246	
0.06896551724137931	0.05747126436781609	0.11494252873563218	0.25287356321839083	0.10344827586206896	0.09195402298850575	0.05747126436781609	0.06896551724137931	0.10344827586206896	0.08045977011494253	
