0.14754098360655737	0.08196721311475409	0.11475409836065574	0.11475409836065574	0.08196721311475409	0.11475409836065574	0.08196721311475409	0.08196721311475409	0.08196721311475409	0.09836065573770492	
0.3902877697841727	0.03237410071942446	0.06025179856115108	0.2526978417266187	0.018884892086330936	0.046762589928057555	0.0737410071942446	0.06474820143884892	0.029676258992805755	0.030575539568345324	
0.3774193548387097	0.035483870967741936	0.07741935483870968	0.1774193548387097	0.03225806451612903	0.041935483870967745	0.0935483870967742	0.054838709677419356	0.05161290322580645	0.05806451612903226	
0.11627906976744186	0.08139534883720931	0.09302325581395349	0.19767441860465115	0.08139534883720931	0.09302325581395349	0.10465116279069768	0.10465116279069768	0.05813953488372093	0.06976744186046512	
0.15841584158415842	0.0594059405940594	0.0891089108910891	0.1782178217821782	0.04950495049504951	0.0594059405940594	0.1485148514851485	0.1485148514851485	0.04950495049504951	0.0594059405940594	
0.27303754266211605	0.03754266211604096	0.040955631399317405	0.2354948805460751	0.03754266211604096	0.04436860068259386	0.12286689419795221	0.13651877133105803	0.027303754266211604	0.04436860068259386	
0.16	0.08	0.04	0.3381818181818182	0.03636363636363636	0.05454545454545454	0.07272727272727272	0.12727272727272726	0.02181818181818182	0.06909090909090909	
0.11587982832618025	0.04291845493562232	0.0815450643776824	0.34763948497854075	0.034334763948497854	0.07296137339055794	0.09871244635193133	0.1459227467811159	0.030042918454935622	0.030042918454935622	
0.0967741935483871	0.02867383512544803	0.08960573476702509	0.26523297491039427	0.03942652329749104	0.04659498207885305	0.20430107526881722	0.0931899641577061	0.07526881720430108	0.06093189964157706	
0.23963963963963963	0.0918918918918919	0.055855855855855854	0.3261261261261261	0.025225225225225224	0.06846846846846846	0.043243243243243246	0.09549549549549549	0.023423423423423424	0.03063063063063063	
0.24479166666666666	0.046875	0.16145833333333334	0.19270833333333334	0.0625	0.06770833333333333	0.041666666666666664	0.08333333333333333	0.046875	0.052083333333333336	
0.136	0.056	0.072	0.232	0.088	0.08	0.144	0.064	0.056	0.072	
0.3151515151515151	0.05757575757575758	0.1484848484848485	0.17575757575757575	0.030303030303030304	0.051515151515151514	0.0696969696969697	0.05454545454545454	0.06666666666666667	0.030303030303030304	
0.28793774319066145	0.023346303501945526	0.05058365758754864	0.2801556420233463	0.07003891050583658	0.042801556420233464	0.07392996108949416	0.07003891050583658	0.054474708171206226	0.04669260700389105	
0.26608695652173914	0.057391304347826085	0.1634782608695652	0.21217391304347827	0.04521739130434783	0.036521739130434785	0.02608695652173913	0.12	0.02782608695652174	0.04521739130434783	
0.15625	0.0859375	0.078125	0.171875	0.0546875	0.140625	0.0546875	0.140625	0.0703125	0.046875	
0.07643312101910828	0.0732484076433121	0.07006369426751592	0.34076433121019106	0.025477707006369428	0.050955414012738856	0.025477707006369428	0.25796178343949044	0.028662420382165606	0.050955414012738856	
0.24210526315789474	0.10526315789473684	0.06842105263157895	0.13157894736842105	0.06842105263157895	0.05789473684210526	0.05263157894736842	0.1	0.07894736842105263	0.09473684210526316	
0.25960539979231567	0.07684319833852545	0.19626168224299065	0.17964693665628245	0.016614745586708203	0.035306334371754934	0.10799584631360332	0.035306334371754934	0.05192107995846314	0.040498442367601244	
0.14545454545454545	0.02727272727272727	0.048484848484848485	0.19393939393939394	0.02727272727272727	0.045454545454545456	0.14242424242424243	0.03333333333333333	0.3090909090909091	0.02727272727272727	
0.27385892116182575	0.058091286307053944	0.07468879668049792	0.2157676348547718	0.05394190871369295	0.029045643153526972	0.1037344398340249	0.07883817427385892	0.08713692946058091	0.024896265560165973	
0.2209737827715356	0.13108614232209737	0.11235955056179775	0.20224719101123595	0.0449438202247191	0.0449438202247191	0.03745318352059925	0.10112359550561797	0.03745318352059925	0.06741573033707865	
0.14202898550724638	0.12173913043478261	0.02608695652173913	0.37971014492753624	0.028985507246376812	0.03768115942028986	0.05507246376811594	0.11884057971014493	0.03188405797101449	0.057971014492753624	
0.07458563535911603	0.23204419889502761	0.06077348066298342	0.292817679558011	0.03867403314917127	0.04143646408839779	0.03591160220994475	0.1408839779005525	0.024861878453038673	0.058011049723756904	
0.04980842911877394	0.12260536398467432	0.03639846743295019	0.2835249042145594	0.02490421455938697	0.032567049808429116	0.02681992337164751	0.3218390804597701	0.02681992337164751	0.07471264367816093	
0.1382488479262673	0.04608294930875576	0.03225806451612903	0.14746543778801843	0.03686635944700461	0.14746543778801843	0.03686635944700461	0.2488479262672811	0.055299539170506916	0.11059907834101383	
0.12562814070351758	0.11557788944723618	0.08542713567839195	0.24120603015075376	0.04522613065326633	0.06030150753768844	0.07035175879396985	0.18592964824120603	0.04020100502512563	0.03015075376884422	
0.27946127946127947	0.06060606060606061	0.08754208754208755	0.3063973063973064	0.026936026936026935	0.026936026936026935	0.037037037037037035	0.08754208754208755	0.03367003367003367	0.05387205387205387	
0.17419354838709677	0.13548387096774195	0.15483870967741936	0.13548387096774195	0.05806451612903226	0.06451612903225806	0.09032258064516129	0.09032258064516129	0.03225806451612903	0.06451612903225806	
0.029345372460496615	0.3363431151241535	0.024830699774266364	0.33860045146726864	0.01805869074492099	0.0744920993227991	0.01805869074492099	0.08577878103837472	0.020316027088036117	0.05417607223476298	
0.14392523364485982	0.18878504672897195	0.056074766355140186	0.37570093457943926	0.020560747663551402	0.052336448598130844	0.011214953271028037	0.09345794392523364	0.024299065420560748	0.03364485981308411	
0.08547008547008547	0.1623931623931624	0.06837606837606838	0.2222222222222222	0.06837606837606838	0.05128205128205128	0.06837606837606838	0.15384615384615385	0.05128205128205128	0.06837606837606838	
0.17708333333333334	0.15625	0.07291666666666667	0.1875	0.07291666666666667	0.08333333333333333	0.07291666666666667	0.0625	0.052083333333333336	0.0625	
0.18269230769230768	0.23397435897435898	0.019230769230769232	0.1794871794871795	0.03205128205128205	0.09935897435897435	0.041666666666666664	0.1346153846153846	0.028846153846153848	0.04807692307692308	
0.08292682926829269	0.14634146341463414	0.02926829268292683	0.17073170731707318	0.03414634146341464	0.14146341463414633	0.04390243902439024	0.17560975609756097	0.07317073170731707	0.1024390243902439	
0.30158730158730157	0.10582010582010581	0.042328042328042326	0.1746031746031746	0.06878306878306878	0.06349206349206349	0.047619047619047616	0.0582010582010582	0.047619047619047616	0.08994708994708994	
0.3167259786476868	0.099644128113879	0.03914590747330961	0.2526690391459075	0.02491103202846975	0.03914590747330961	0.060498220640569395	0.07473309608540925	0.03914590747330961	0.05338078291814947	
0.31715210355987056	0.09061488673139159	0.04854368932038835	0.16828478964401294	0.04854368932038835	0.11326860841423948	0.04854368932038835	0.08090614886731391	0.042071197411003236	0.042071197411003236	
0.21645021645021645	0.08658008658008658	0.047619047619047616	0.1471861471861472	0.06060606060606061	0.1471861471861472	0.047619047619047616	0.12987012987012986	0.030303030303030304	0.08658008658008658	
0.12064965197215777	0.19953596287703015	0.013921113689095127	0.14617169373549885	0.027842227378190254	0.12993039443155452	0.16705336426914152	0.05568445475638051	0.03248259860788863	0.10672853828306264	
0.1744186046511628	0.1569767441860465	0.046511627906976744	0.2616279069767442	0.05813953488372093	0.05232558139534884	0.046511627906976744	0.09883720930232558	0.06976744186046512	0.03488372093023256	
0.10726643598615918	0.04152249134948097	0.06228373702422145	0.2179930795847751	0.0726643598615917	0.1384083044982699	0.04844290657439446	0.17647058823529413	0.0657439446366782	0.06920415224913495	
0.05924170616113744	0.018957345971563982	0.04265402843601896	0.24644549763033174	0.035545023696682464	0.3696682464454976	0.03317535545023697	0.1066350710900474	0.045023696682464455	0.04265402843601896	
0.09846827133479212	0.05908096280087528	0.0350109409190372	0.3150984682713348	0.03938730853391685	0.2210065645514223	0.019693654266958426	0.10940919037199125	0.0525164113785558	0.05032822757111598	
0.07010309278350516	0.04536082474226804	0.03917525773195876	0.27010309278350514	0.02268041237113402	0.2865979381443299	0.05979381443298969	0.10309278350515463	0.05979381443298969	0.04329896907216495	
0.10727969348659004	0.02681992337164751	0.022988505747126436	0.24521072796934865	0.04597701149425287	0.3524904214559387	0.019157088122605363	0.06896551724137931	0.0842911877394636	0.02681992337164751	
0.04697986577181208	0.026845637583892617	0.042505592841163314	0.22371364653243847	0.024608501118568233	0.4407158836689038	0.03131991051454139	0.06935123042505593	0.042505592841163314	0.05145413870246085	
0.18662952646239556	0.036211699164345405	0.055710306406685235	0.20612813370473537	0.033426183844011144	0.25069637883008355	0.03064066852367688	0.10584958217270195	0.04735376044568245	0.04735376044568245	
0.043243243243243246	0.043243243243243246	0.04864864864864865	0.2810810810810811	0.032432432432432434	0.32432432432432434	0.03783783783783784	0.043243243243243246	0.11351351351351352	0.032432432432432434	
0.04500978473581213	0.03913894324853229	0.019569471624266144	0.2172211350293542	0.019569471624266144	0.37573385518590996	0.019569471624266144	0.10567514677103718	0.08610567514677103	0.07240704500978473	
0.06428571428571428	0.04285714285714286	0.07857142857142857	0.14285714285714285	0.05	0.36428571428571427	0.09285714285714286	0.05	0.06428571428571428	0.05	
0.08064516129032258	0.08870967741935484	0.04032258064516129	0.24193548387096775	0.04032258064516129	0.18548387096774194	0.06451612903225806	0.0967741935483871	0.08870967741935484	0.07258064516129033	
0.06779661016949153	0.030508474576271188	0.030508474576271188	0.4271186440677966	0.030508474576271188	0.13898305084745763	0.03389830508474576	0.07796610169491526	0.06779661016949153	0.09491525423728814	
0.11392405063291139	0.06329113924050633	0.06329113924050633	0.20253164556962025	0.06329113924050633	0.189873417721519	0.06329113924050633	0.08860759493670886	0.08860759493670886	0.06329113924050633	
0.06437768240343347	0.06866952789699571	0.03862660944206009	0.18454935622317598	0.034334763948497854	0.3562231759656652	0.07725321888412018	0.0944206008583691	0.04291845493562232	0.03862660944206009	
0.023890784982935155	0.24744027303754265	0.020477815699658702	0.310580204778157	0.015358361774744027	0.2645051194539249	0.023890784982935155	0.034129692832764506	0.04436860068259386	0.015358361774744027	
0.24203821656050956	0.16878980891719744	0.06369426751592357	0.20382165605095542	0.03503184713375796	0.06687898089171974	0.06687898089171974	0.09235668789808917	0.022292993630573247	0.03821656050955414	
0.25	0.024305555555555556	0.0625	0.1840277777777778	0.05555555555555555	0.03819444444444445	0.10416666666666667	0.0625	0.17708333333333334	0.041666666666666664	
0.1992619926199262	0.02952029520295203	0.046125461254612546	0.25461254612546125	0.025830258302583026	0.03690036900369004	0.09225092250922509	0.023985239852398525	0.23800738007380073	0.05350553505535055	
0.25833333333333336	0.06944444444444445	0.075	0.1527777777777778	0.016666666666666666	0.06388888888888888	0.1361111111111111	0.03333333333333333	0.1527777777777778	0.041666666666666664	
0.06719367588932806	0.03162055335968379	0.023715415019762844	0.22332015810276679	0.015810276679841896	0.16600790513833993	0.08498023715415019	0.08498023715415019	0.23122529644268774	0.07114624505928854	
0.05405405405405406	0.05405405405405406	0.10135135135135136	0.18243243243243243	0.04054054054054054	0.11486486486486487	0.16216216216216217	0.06756756756756757	0.1554054054054054	0.06756756756756757	
0.08737864077669903	0.06796116504854369	0.1262135922330097	0.0970873786407767	0.05825242718446602	0.10679611650485436	0.05825242718446602	0.07766990291262135	0.27184466019417475	0.04854368932038835	
0.1111111111111111	0.06944444444444445	0.09722222222222222	0.08333333333333333	0.06944444444444445	0.09722222222222222	0.1111111111111111	0.09722222222222222	0.18055555555555555	0.08333333333333333	
0.22686567164179106	0.03283582089552239	0.08358208955223881	0.13134328358208955	0.04477611940298507	0.08059701492537313	0.12835820895522387	0.0626865671641791	0.18208955223880596	0.026865671641791045	
0.17525773195876287	0.020618556701030927	0.07560137457044673	0.09621993127147767	0.03436426116838488	0.041237113402061855	0.10996563573883161	0.037800687285223365	0.3436426116838488	0.06529209621993128	
0.15630885122410546	0.04143126177024482	0.035781544256120526	0.1694915254237288	0.030131826741996232	0.06591337099811675	0.054613935969868174	0.047080979284369114	0.3314500941619586	0.06779661016949153	
0.05379746835443038	0.04113924050632911	0.028481012658227847	0.22151898734177214	0.028481012658227847	0.05379746835443038	0.03481012658227848	0.04746835443037975	0.44936708860759494	0.04113924050632911	
0.020637898686679174	0.028142589118198873	0.0225140712945591	0.3339587242026266	0.013133208255159476	0.07879924953095685	0.04127579737335835	0.043151969981238276	0.3977485928705441	0.020637898686679174	
0.052980132450331126	0.046357615894039736	0.039735099337748346	0.18543046357615894	0.033112582781456956	0.09271523178807947	0.039735099337748346	0.039735099337748346	0.41721854304635764	0.052980132450331126	
0.07556675062972293	0.03526448362720403	0.03526448362720403	0.2770780856423174	0.022670025188916875	0.042821158690176324	0.037783375314861464	0.11838790931989925	0.30982367758186397	0.04534005037783375	
0.01949317738791423	0.025341130604288498	0.021442495126705652	0.24561403508771928	0.023391812865497075	0.09746588693957114	0.056530214424951264	0.029239766081871343	0.40545808966861596	0.07602339181286549	
0.19128329297820823	0.04600484261501211	0.04600484261501211	0.2009685230024213	0.024213075060532687	0.06779661016949153	0.048426150121065374	0.07990314769975787	0.21549636803874092	0.07990314769975787	
0.04460966542750929	0.040892193308550186	0.03531598513011153	0.25650557620817843	0.03717472118959108	0.13011152416356878	0.06319702602230483	0.031598513011152414	0.29182156133828996	0.0687732342007435	
0.08974358974358974	0.038461538461538464	0.057692307692307696	0.14102564102564102	0.0641025641025641	0.0641025641025641	0.07692307692307693	0.05128205128205128	0.3333333333333333	0.08333333333333333	
0.10759493670886076	0.10126582278481013	0.056962025316455694	0.10759493670886076	0.056962025316455694	0.10759493670886076	0.06962025316455696	0.06329113924050633	0.27848101265822783	0.05063291139240506	
0.125	0.08189655172413793	0.05172413793103448	0.11206896551724138	0.04310344827586207	0.09051724137931035	0.0603448275862069	0.10344827586206896	0.2629310344827586	0.06896551724137931	
0.20388349514563106	0.055825242718446605	0.10922330097087378	0.13592233009708737	0.03640776699029126	0.043689320388349516	0.13106796116504854	0.11650485436893204	0.12864077669902912	0.038834951456310676	
0.08641975308641975	0.043209876543209874	0.07407407407407407	0.17901234567901234	0.037037037037037035	0.13580246913580246	0.037037037037037035	0.043209876543209874	0.25308641975308643	0.1111111111111111	
0.05963302752293578	0.022935779816513763	0.05045871559633028	0.10550458715596331	0.03211009174311927	0.03669724770642202	0.19724770642201836	0.05045871559633028	0.40825688073394495	0.03669724770642202	
0.22666666666666666	0.09333333333333334	0.08	0.13333333333333333	0.06666666666666667	0.08	0.06666666666666667	0.06666666666666667	0.10666666666666667	0.08	
0.02857142857142857	0.21587301587301588	0.03492063492063492	0.1523809523809524	0.01904761904761905	0.3492063492063492	0.022222222222222223	0.08888888888888889	0.0380952380952381	0.050793650793650794	
0.1164021164021164	0.20634920634920634	0.06349206349206349	0.291005291005291	0.037037037037037035	0.047619047619047616	0.031746031746031744	0.1111111111111111	0.05291005291005291	0.042328042328042326	
0.12658227848101267	0.03164556962025317	0.06962025316455696	0.26582278481012656	0.08227848101265822	0.16455696202531644	0.06329113924050633	0.04430379746835443	0.04430379746835443	0.10759493670886076	
0.09523809523809523	0.07142857142857142	0.04365079365079365	0.28174603174603174	0.05555555555555555	0.24603174603174602	0.03968253968253968	0.051587301587301584	0.051587301587301584	0.06349206349206349	
0.06666666666666667	0.08	0.04	0.16	0.04	0.3466666666666667	0.06	0.04666666666666667	0.08	0.08	
0.043478260869565216	0.04743083003952569	0.039525691699604744	0.2608695652173913	0.02766798418972332	0.383399209486166	0.043478260869565216	0.03162055335968379	0.06719367588932806	0.05533596837944664	
0.14035087719298245	0.08771929824561403	0.04093567251461988	0.12280701754385964	0.08187134502923976	0.2222222222222222	0.05847953216374269	0.08771929824561403	0.06432748538011696	0.0935672514619883	
0.0703125	0.0546875	0.0859375	0.21875	0.078125	0.1953125	0.0390625	0.09375	0.046875	0.1171875	
0.11515151515151516	0.09090909090909091	0.06060606060606061	0.19393939393939394	0.05454545454545454	0.18787878787878787	0.07272727272727272	0.08484848484848485	0.048484848484848485	0.09090909090909091	
0.19614147909967847	0.07717041800643087	0.04823151125401929	0.1157556270096463	0.07395498392282958	0.2347266881028939	0.03858520900321544	0.10289389067524116	0.06109324758842444	0.05144694533762058	
0.05578512396694215	0.01859504132231405	0.047520661157024795	0.26239669421487605	0.03305785123966942	0.18388429752066116	0.014462809917355372	0.07644628099173553	0.1921487603305785	0.11570247933884298	
0.11450381679389313	0.04198473282442748	0.03816793893129771	0.2900763358778626	0.030534351145038167	0.06870229007633588	0.0648854961832061	0.04961832061068702	0.22519083969465647	0.07633587786259542	
0.12418300653594772	0.058823529411764705	0.0784313725490196	0.12418300653594772	0.0392156862745098	0.16993464052287582	0.0718954248366013	0.0392156862745098	0.1568627450980392	0.13725490196078433	
0.12280701754385964	0.08771929824561403	0.08771929824561403	0.10526315789473684	0.08771929824561403	0.14035087719298245	0.08771929824561403	0.08771929824561403	0.10526315789473684	0.08771929824561403	
0.06521739130434782	0.043478260869565216	0.043478260869565216	0.15942028985507245	0.07246376811594203	0.2898550724637681	0.06521739130434782	0.043478260869565216	0.14492753623188406	0.07246376811594203	
0.05630026809651475	0.128686327077748	0.06970509383378017	0.1742627345844504	0.04289544235924933	0.30294906166219837	0.04825737265415549	0.03753351206434316	0.06166219839142091	0.0777479892761394	
0.20394736842105263	0.039473684210526314	0.05263157894736842	0.20394736842105263	0.07894736842105263	0.13815789473684212	0.05263157894736842	0.05263157894736842	0.11842105263157894	0.05921052631578947	
0.0449438202247191	0.03745318352059925	0.03745318352059925	0.2247191011235955	0.0299625468164794	0.24344569288389514	0.0599250936329588	0.026217228464419477	0.21348314606741572	0.08239700374531835	
0.08411214953271028	0.06542056074766354	0.06542056074766354	0.12149532710280374	0.056074766355140186	0.102803738317757	0.06542056074766354	0.08411214953271028	0.18691588785046728	0.16822429906542055	
0.05263157894736842	0.03759398496240601	0.05263157894736842	0.09022556390977443	0.045112781954887216	0.2781954887218045	0.06015037593984962	0.06015037593984962	0.18796992481203006	0.13533834586466165	
0.047619047619047616	0.04047619047619048	0.01904761904761905	0.24047619047619048	0.01904761904761905	0.3380952380952381	0.03333333333333333	0.04285714285714286	0.11190476190476191	0.10714285714285714	
0.024193548387096774	0.024193548387096774	0.06854838709677419	0.1935483870967742	0.024193548387096774	0.3387096774193548	0.04838709677419355	0.06854838709677419	0.06451612903225806	0.14516129032258066	
0.06962025316455696	0.08860759493670886	0.10759493670886076	0.13291139240506328	0.04430379746835443	0.14556962025316456	0.08227848101265822	0.06962025316455696	0.15822784810126583	0.10126582278481013	
0.04299065420560748	0.024299065420560748	0.03925233644859813	0.27289719626168224	0.04672897196261682	0.38317757009345793	0.03177570093457944	0.08224299065420561	0.05046728971962617	0.026168224299065422	
0.32771535580524347	0.05056179775280899	0.09550561797752809	0.22846441947565543	0.04119850187265917	0.054307116104868915	0.03932584269662921	0.10299625468164794	0.028089887640449437	0.031835205992509365	
0.36127167630057805	0.057803468208092484	0.02601156069364162	0.24277456647398843	0.06647398843930635	0.057803468208092484	0.09826589595375723	0.031791907514450865	0.023121387283236993	0.03468208092485549	
0.34418604651162793	0.07674418604651163	0.044186046511627906	0.21627906976744185	0.06046511627906977	0.11395348837209303	0.04883720930232558	0.04186046511627907	0.037209302325581395	0.01627906976744186	
0.45427728613569324	0.061946902654867256	0.07079646017699115	0.16224188790560473	0.05014749262536873	0.038348082595870206	0.058997050147492625	0.029498525073746312	0.02359882005899705	0.05014749262536873	
0.3579175704989154	0.026030368763557483	0.04338394793926247	0.3210412147505423	0.04121475054229935	0.0368763557483731	0.019522776572668113	0.04121475054229935	0.04121475054229935	0.07158351409978309	
0.3010471204188482	0.03926701570680628	0.03664921465968586	0.337696335078534	0.049738219895287955	0.060209424083769635	0.05235602094240838	0.041884816753926704	0.034031413612565446	0.04712041884816754	
0.19145569620253164	0.022151898734177215	0.022151898734177215	0.1819620253164557	0.02531645569620253	0.1930379746835443	0.2579113924050633	0.01740506329113924	0.03955696202531646	0.0490506329113924	
0.24663677130044842	0.11659192825112108	0.09417040358744394	0.23318385650224216	0.04932735426008968	0.04035874439461883	0.053811659192825115	0.06726457399103139	0.04035874439461883	0.05829596412556054	
0.20465116279069767	0.09767441860465116	0.12558139534883722	0.3302325581395349	0.027906976744186046	0.046511627906976744	0.027906976744186046	0.05581395348837209	0.023255813953488372	0.06046511627906977	
0.20374220374220375	0.11850311850311851	0.07068607068607069	0.2079002079002079	0.0395010395010395	0.1392931392931393	0.037422037422037424	0.09563409563409564	0.056133056133056136	0.031185031185031187	
0.27884615384615385	0.08653846153846154	0.03365384615384615	0.2548076923076923	0.038461538461538464	0.0673076923076923	0.08173076923076923	0.09134615384615384	0.02403846153846154	0.04326923076923077	
0.12755905511811025	0.06771653543307087	0.05511811023622047	0.3590551181102362	0.026771653543307086	0.09291338582677165	0.05196850393700787	0.14960629921259844	0.031496062992125984	0.03779527559055118	
0.19879518072289157	0.04819277108433735	0.06626506024096386	0.28313253012048195	0.12048192771084337	0.06626506024096386	0.060240963855421686	0.08433734939759036	0.04216867469879518	0.030120481927710843	
0.1005586592178771	0.0335195530726257	0.061452513966480445	0.3016759776536313	0.05027932960893855	0.0782122905027933	0.055865921787709494	0.22346368715083798	0.0335195530726257	0.061452513966480445	
0.17829457364341086	0.05813953488372093	0.09302325581395349	0.15891472868217055	0.027131782945736434	0.12403100775193798	0.05426356589147287	0.18604651162790697	0.050387596899224806	0.06976744186046512	
0.19472913616398244	0.043923865300146414	0.08345534407027819	0.2005856515373353	0.017569546120058566	0.02635431918008785	0.03367496339677892	0.31771595900439237	0.017569546120058566	0.06442166910688141	
0.43950617283950616	0.05925925925925926	0.07901234567901234	0.145679012345679	0.02962962962962963	0.05185185185185185	0.06666666666666667	0.04691358024691358	0.024691358024691357	0.056790123456790124	
0.43258426966292135	0.056179775280898875	0.033707865168539325	0.1797752808988764	0.033707865168539325	0.07303370786516854	0.033707865168539325	0.056179775280898875	0.028089887640449437	0.07303370786516854	
0.22736030828516376	0.22350674373795762	0.03468208092485549	0.1252408477842004	0.05973025048169557	0.04431599229287091	0.025048169556840076	0.14065510597302505	0.04046242774566474	0.0789980732177264	
0.4879725085910653	0.06529209621993128	0.054982817869415807	0.13058419243986255	0.07903780068728522	0.054982817869415807	0.027491408934707903	0.03436426116838488	0.041237113402061855	0.024054982817869417	
0.15853658536585366	0.10975609756097561	0.10975609756097561	0.12195121951219512	0.06097560975609756	0.08536585365853659	0.07317073170731707	0.0975609756097561	0.06097560975609756	0.12195121951219512	
0.2303370786516854	0.05056179775280899	0.10112359550561797	0.20786516853932585	0.07865168539325842	0.10674157303370786	0.03932584269662921	0.0449438202247191	0.09550561797752809	0.0449438202247191	
0.08880597014925373	0.027611940298507463	0.07313432835820896	0.2544776119402985	0.028358208955223882	0.26044776119402985	0.10149253731343283	0.03283582089552239	0.07611940298507462	0.056716417910447764	
0.4153605015673981	0.02664576802507837	0.05799373040752351	0.19905956112852666	0.03761755485893417	0.06269592476489028	0.06583072100313479	0.07523510971786834	0.017241379310344827	0.04231974921630094	
0.20634920634920634	0.08994708994708994	0.20105820105820105	0.1164021164021164	0.05291005291005291	0.12169312169312169	0.07936507936507936	0.047619047619047616	0.037037037037037035	0.047619047619047616	
0.29472140762463345	0.08064516129032258	0.17155425219941348	0.16422287390029325	0.04985337243401759	0.05278592375366569	0.045454545454545456	0.07624633431085044	0.020527859237536656	0.04398826979472141	
0.41379310344827586	0.08045977011494253	0.06436781609195402	0.2045977011494253	0.03218390804597701	0.052873563218390804	0.029885057471264367	0.059770114942528735	0.01839080459770115	0.04367816091954023	
0.3792372881355932	0.08050847457627118	0.07838983050847458	0.1504237288135593	0.029661016949152543	0.05084745762711865	0.03389830508474576	0.05296610169491525	0.059322033898305086	0.0847457627118644	
0.3115727002967359	0.03857566765578635	0.12462908011869436	0.17507418397626112	0.06528189910979229	0.04451038575667656	0.05934718100890208	0.10979228486646884	0.026706231454005934	0.04451038575667656	
0.3275862068965517	0.06403940886699508	0.09359605911330049	0.18226600985221675	0.029556650246305417	0.027093596059113302	0.054187192118226604	0.08620689655172414	0.04926108374384237	0.08620689655172414	
0.23195876288659795	0.061855670103092786	0.09278350515463918	0.11855670103092783	0.05670103092783505	0.02577319587628866	0.030927835051546393	0.16494845360824742	0.05670103092783505	0.15979381443298968	
0.0782122905027933	0.0335195530726257	0.061452513966480445	0.2011173184357542	0.0335195530726257	0.16201117318435754	0.08379888268156424	0.07262569832402235	0.10614525139664804	0.16759776536312848	
0.08368200836820083	0.03138075313807531	0.08368200836820083	0.2384937238493724	0.027196652719665274	0.03347280334728033	0.08577405857740586	0.03765690376569038	0.0899581589958159	0.28870292887029286	
0.12598425196850394	0.03937007874015748	0.03937007874015748	0.1889763779527559	0.06299212598425197	0.06299212598425197	0.03937007874015748	0.06299212598425197	0.11023622047244094	0.2677165354330709	
0.06949152542372881	0.04576271186440678	0.023728813559322035	0.26101694915254237	0.03898305084745763	0.23389830508474577	0.01864406779661017	0.0711864406779661	0.05254237288135593	0.1847457627118644	
0.05785123966942149	0.06198347107438017	0.05371900826446281	0.16942148760330578	0.024793388429752067	0.14049586776859505	0.0371900826446281	0.05371900826446281	0.045454545454545456	0.35537190082644626	
0.08908045977011494	0.03735632183908046	0.022988505747126436	0.22126436781609196	0.031609195402298854	0.15804597701149425	0.07183908045977011	0.06321839080459771	0.11494252873563218	0.1896551724137931	
0.05217391304347826	0.043478260869565216	0.043478260869565216	0.17391304347826086	0.08695652173913043	0.0782608695652174	0.0782608695652174	0.06086956521739131	0.08695652173913043	0.2956521739130435	
0.08979591836734693	0.04081632653061224	0.04897959183673469	0.21224489795918366	0.053061224489795916	0.044897959183673466	0.17551020408163265	0.024489795918367346	0.18775510204081633	0.12244897959183673	
0.06164383561643835	0.0365296803652968	0.0410958904109589	0.15296803652968036	0.03881278538812785	0.12100456621004566	0.0182648401826484	0.05251141552511415	0.045662100456621	0.4315068493150685	
0.058823529411764705	0.049773755656108594	0.058823529411764705	0.1493212669683258	0.09502262443438914	0.22624434389140272	0.04072398190045249	0.049773755656108594	0.04524886877828054	0.22624434389140272	
0.07534246575342465	0.0410958904109589	0.0684931506849315	0.17123287671232876	0.0684931506849315	0.2191780821917808	0.0410958904109589	0.06164383561643835	0.04794520547945205	0.2054794520547945	
0.06403940886699508	0.034482758620689655	0.034482758620689655	0.2512315270935961	0.03940886699507389	0.09852216748768473	0.054187192118226604	0.03940886699507389	0.07389162561576355	0.3103448275862069	
0.08139534883720931	0.08139534883720931	0.06976744186046512	0.1511627906976744	0.06976744186046512	0.16279069767441862	0.06976744186046512	0.05813953488372093	0.10465116279069768	0.1511627906976744	
0.0594059405940594	0.0891089108910891	0.04950495049504951	0.3118811881188119	0.04950495049504951	0.08415841584158416	0.0297029702970297	0.04950495049504951	0.04455445544554455	0.23267326732673269	
0.08189655172413793	0.07327586206896551	0.05603448275862069	0.125	0.04310344827586207	0.125	0.06465517241379311	0.04310344827586207	0.07758620689655173	0.3103448275862069	
0.11286089238845144	0.03674540682414698	0.09186351706036745	0.15485564304461943	0.06824146981627296	0.09711286089238845	0.07611548556430446	0.08923884514435695	0.16535433070866143	0.10761154855643044	
0.13736263736263737	0.0989010989010989	0.07142857142857142	0.1978021978021978	0.03296703296703297	0.14835164835164835	0.03296703296703297	0.04395604395604396	0.03296703296703297	0.2032967032967033	
0.21445783132530122	0.04578313253012048	0.0819277108433735	0.1180722891566265	0.05301204819277108	0.10602409638554217	0.2216867469879518	0.04819277108433735	0.060240963855421686	0.05060240963855422	
0.037698412698412696	0.0873015873015873	0.057539682539682536	0.18055555555555555	0.017857142857142856	0.07539682539682539	0.27976190476190477	0.03373015873015873	0.1488095238095238	0.08134920634920635	
0.21635883905013192	0.0395778364116095	0.052770448548812667	0.22163588390501318	0.029023746701846966	0.1345646437994723	0.09234828496042216	0.08970976253298153	0.08179419525065963	0.04221635883905013	
0.20454545454545456	0.05303030303030303	0.07575757575757576	0.12121212121212122	0.11363636363636363	0.06060606060606061	0.08333333333333333	0.07575757575757576	0.05303030303030303	0.1590909090909091	
0.25654450261780104	0.05235602094240838	0.06806282722513089	0.16230366492146597	0.041884816753926704	0.05235602094240838	0.11518324607329843	0.05235602094240838	0.07329842931937172	0.1256544502617801	
0.18333333333333332	0.03888888888888889	0.07777777777777778	0.16666666666666666	0.08888888888888889	0.09444444444444444	0.12777777777777777	0.06666666666666667	0.1	0.05555555555555555	
0.27906976744186046	0.06589147286821706	0.031007751937984496	0.26744186046511625	0.031007751937984496	0.03488372093023256	0.03875968992248062	0.06201550387596899	0.06201550387596899	0.12790697674418605	
0.19480519480519481	0.09090909090909091	0.07792207792207792	0.12987012987012986	0.07792207792207792	0.06493506493506493	0.07792207792207792	0.15584415584415584	0.06493506493506493	0.06493506493506493	
0.19198312236286919	0.06540084388185655	0.04219409282700422	0.2088607594936709	0.02109704641350211	0.029535864978902954	0.2721518987341772	0.08649789029535865	0.05485232067510549	0.027426160337552744	
0.3012987012987013	0.07272727272727272	0.03766233766233766	0.21818181818181817	0.03766233766233766	0.024675324675324677	0.22337662337662337	0.02987012987012987	0.02987012987012987	0.024675324675324677	
0.18666666666666668	0.08	0.08	0.13333333333333333	0.06666666666666667	0.06666666666666667	0.14666666666666667	0.08	0.06666666666666667	0.09333333333333334	
0.4109090909090909	0.037575757575757575	0.05454545454545454	0.23272727272727273	0.01818181818181818	0.012121212121212121	0.052121212121212124	0.11878787878787879	0.019393939393939394	0.04363636363636364	
0.4444444444444444	0.02681992337164751	0.038314176245210725	0.17624521072796934	0.04597701149425287	0.06130268199233716	0.05363984674329502	0.04980842911877394	0.07279693486590039	0.03065134099616858	
0.3806228373702422	0.058823529411764705	0.06228373702422145	0.17647058823529413	0.03460207612456748	0.0657439446366782	0.04844290657439446	0.08650519031141868	0.03460207612456748	0.05190311418685121	
0.20100502512562815	0.08040201005025126	0.07035175879396985	0.271356783919598	0.04522613065326633	0.05527638190954774	0.1407035175879397	0.06030150753768844	0.05025125628140704	0.02512562814070352	
0.3225806451612903	0.08602150537634409	0.053763440860215055	0.10752688172043011	0.053763440860215055	0.07526881720430108	0.08602150537634409	0.08602150537634409	0.07526881720430108	0.053763440860215055	
0.33766233766233766	0.025974025974025976	0.1038961038961039	0.19480519480519481	0.04329004329004329	0.047619047619047616	0.09523809523809523	0.06493506493506493	0.05627705627705628	0.030303030303030304	
0.4702127659574468	0.04042553191489362	0.04680851063829787	0.1851063829787234	0.0425531914893617	0.02127659574468085	0.07872340425531915	0.06170212765957447	0.031914893617021274	0.02127659574468085	
0.37986270022883295	0.06178489702517163	0.10526315789473684	0.18306636155606407	0.041189931350114416	0.07551487414187644	0.04805491990846682	0.036613272311212815	0.016018306636155607	0.05263157894736842	
0.4191829484902309	0.03197158081705151	0.06394316163410302	0.23090586145648312	0.019538188277087035	0.037300177619893425	0.06571936056838366	0.02486678507992895	0.02664298401420959	0.07992895204262877	
0.27522935779816515	0.07339449541284404	0.06422018348623854	0.1834862385321101	0.08256880733944955	0.05504587155963303	0.09174311926605505	0.05504587155963303	0.06422018348623854	0.05504587155963303	
0.35135135135135137	0.10810810810810811	0.07027027027027027	0.14594594594594595	0.043243243243243246	0.032432432432432434	0.08648648648648649	0.03783783783783784	0.05405405405405406	0.07027027027027027	
0.16559139784946236	0.09247311827956989	0.15698924731182795	0.2064516129032258	0.01935483870967742	0.05591397849462366	0.11612903225806452	0.047311827956989246	0.06451612903225806	0.07526881720430108	
0.0825242718446602	0.13268608414239483	0.15048543689320387	0.27346278317152106	0.01779935275080906	0.043689320388349516	0.042071197411003236	0.09546925566343042	0.07605177993527508	0.08576051779935275	
0.04970178926441352	0.03180914512922465	0.04572564612326044	0.6620278330019881	0.015904572564612324	0.04572564612326044	0.02584493041749503	0.055666003976143144	0.04970178926441352	0.017892644135188866	
0.026900584795321637	0.03859649122807018	0.047953216374269005	0.5707602339181287	0.0152046783625731	0.06198830409356725	0.06783625730994151	0.06198830409356725	0.08888888888888889	0.019883040935672516	
0.01517706576728499	0.06239460370994941	0.013490725126475547	0.45531197301854975	0.011804384485666104	0.2327150084317032	0.02023608768971332	0.1163575042158516	0.05227655986509275	0.02023608768971332	
0.039538714991762765	0.057660626029654036	0.047775947281713346	0.33278418451400327	0.060955518945634266	0.02800658978583196	0.029654036243822075	0.042833607907743	0.32784184514003295	0.032948929159802305	
0.049586776859504134	0.09504132231404959	0.15289256198347106	0.36363636363636365	0.028925619834710745	0.024793388429752067	0.05371900826446281	0.0743801652892562	0.045454545454545456	0.1115702479338843	
0.04925053533190578	0.37901498929336186	0.042826552462526764	0.13704496788008566	0.042826552462526764	0.057815845824411134	0.027837259100642397	0.10920770877944326	0.11134903640256959	0.042826552462526764	
0.05612244897959184	0.12755102040816327	0.07653061224489796	0.22448979591836735	0.07142857142857142	0.14795918367346939	0.0663265306122449	0.0663265306122449	0.08673469387755102	0.07653061224489796	
0.07749077490774908	0.03690036900369004	0.05904059040590406	0.1070110701107011	0.11439114391143912	0.28413284132841327	0.04428044280442804	0.05166051660516605	0.16236162361623616	0.06273062730627306	
0.0684931506849315	0.0684931506849315	0.0547945205479452	0.1095890410958904	0.1232876712328767	0.3150684931506849	0.03424657534246575	0.04794520547945205	0.06164383561643835	0.11643835616438356	
0.04	0.05714285714285714	0.06285714285714286	0.12571428571428572	0.02857142857142857	0.18857142857142858	0.06285714285714286	0.05142857142857143	0.24571428571428572	0.13714285714285715	
0.08108108108108109	0.08108108108108109	0.06756756756756757	0.13513513513513514	0.08108108108108109	0.0945945945945946	0.06756756756756757	0.08108108108108109	0.24324324324324326	0.06756756756756757	
0.030303030303030304	0.026515151515151516	0.045454545454545456	0.10606060606060606	0.03787878787878788	0.4356060606060606	0.056818181818181816	0.03787878787878788	0.10606060606060606	0.11742424242424243	
0.0374331550802139	0.03208556149732621	0.0481283422459893	0.2727272727272727	0.026737967914438502	0.2620320855614973	0.03208556149732621	0.0855614973262032	0.10695187165775401	0.0962566844919786	
0.032407407407407406	0.027777777777777776	0.027777777777777776	0.18055555555555555	0.0787037037037037	0.3333333333333333	0.027777777777777776	0.046296296296296294	0.05555555555555555	0.18981481481481483	
0.03550295857988166	0.03550295857988166	0.03550295857988166	0.1893491124260355	0.0650887573964497	0.2603550295857988	0.047337278106508875	0.05917159763313609	0.10650887573964497	0.16568047337278108	
0.019498607242339833	0.033426183844011144	0.033426183844011144	0.1309192200557103	0.033426183844011144	0.3370473537604457	0.055710306406685235	0.03064066852367688	0.1532033426183844	0.17270194986072424	
0.08955223880597014	0.08955223880597014	0.08955223880597014	0.08955223880597014	0.19402985074626866	0.13432835820895522	0.07462686567164178	0.07462686567164178	0.08955223880597014	0.07462686567164178	
0.11330049261083744	0.034482758620689655	0.08374384236453201	0.12315270935960591	0.1330049261083744	0.270935960591133	0.04433497536945813	0.04433497536945813	0.10837438423645321	0.04433497536945813	
0.10526315789473684	0.07518796992481203	0.06015037593984962	0.18796992481203006	0.06766917293233082	0.18045112781954886	0.05263157894736842	0.08270676691729323	0.045112781954887216	0.14285714285714285	
0.13145539906103287	0.06572769953051644	0.046948356807511735	0.10328638497652583	0.04225352112676056	0.2535211267605634	0.06572769953051644	0.1267605633802817	0.1267605633802817	0.03755868544600939	
0.1125	0.09166666666666666	0.09583333333333334	0.08333333333333333	0.07916666666666666	0.24166666666666667	0.025	0.12916666666666668	0.08333333333333333	0.058333333333333334	
0.13114754098360656	0.1366120218579235	0.08743169398907104	0.03825136612021858	0.12568306010928962	0.22404371584699453	0.04918032786885246	0.0546448087431694	0.11475409836065574	0.03825136612021858	
0.09278350515463918	0.04639175257731959	0.03608247422680412	0.12886597938144329	0.15979381443298968	0.08247422680412371	0.05154639175257732	0.21649484536082475	0.07216494845360824	0.1134020618556701	
0.04081632653061224	0.1326530612244898	0.025510204081632654	0.20918367346938777	0.05612244897959184	0.22448979591836735	0.04591836734693878	0.17346938775510204	0.03571428571428571	0.05612244897959184	
0.06896551724137931	0.12643678160919541	0.06896551724137931	0.05747126436781609	0.11494252873563218	0.14942528735632185	0.06896551724137931	0.12643678160919541	0.05747126436781609	0.16091954022988506	
0.05357142857142857	0.075	0.02857142857142857	0.18214285714285713	0.060714285714285714	0.21428571428571427	0.039285714285714285	0.15	0.04642857142857143	0.15	
