0.05422993492407809	0.0824295010845987	0.06724511930585683	0.23427331887201736	0.0737527114967462	0.019522776572668113	0.0824295010845987	0.04121475054229935	0.11279826464208242	0.23210412147505424	
0.05930807248764415	0.039538714991762765	0.06754530477759473	0.1400329489291598	0.060955518945634266	0.02471169686985173	0.05271828665568369	0.018121911037891267	0.044481054365733116	0.4925864909390445	
0.1437125748502994	0.05189620758483034	0.03792415169660679	0.06786427145708583	0.021956087824351298	0.017964071856287425	0.03792415169660679	0.00998003992015968	0.01996007984031936	0.590818363273453	
0.15330188679245282	0.04481132075471698	0.02358490566037736	0.1544811320754717	0.036556603773584904	0.01061320754716981	0.01179245283018868	0.009433962264150943	0.0330188679245283	0.5224056603773585	
0.3338983050847458	0.07796610169491526	0.023728813559322035	0.06440677966101695	0.04067796610169491	0.025423728813559324	0.030508474576271188	0.00847457627118644	0.023728813559322035	0.3711864406779661	
0.10906040268456375	0.020134228187919462	0.013422818791946308	0.14261744966442952	0.05201342281879195	0.01174496644295302	0.03355704697986577	0.02181208053691275	0.028523489932885907	0.5671140939597316	
0.04329004329004329	0.09956709956709957	0.05194805194805195	0.15151515151515152	0.06493506493506493	0.03896103896103896	0.06060606060606061	0.04329004329004329	0.05627705627705628	0.38961038961038963	
0.03711790393013101	0.05458515283842795	0.03711790393013101	0.1615720524017467	0.021834061135371178	0.024017467248908297	0.028384279475982533	0.34279475982532753	0.024017467248908297	0.2685589519650655	
0.09743589743589744	0.05128205128205128	0.046153846153846156	0.13333333333333333	0.15897435897435896	0.07179487179487179	0.05641025641025641	0.035897435897435895	0.08717948717948718	0.26153846153846155	
0.05185185185185185	0.05555555555555555	0.3814814814814815	0.22962962962962963	0.037037037037037035	0.022222222222222223	0.025925925925925925	0.02962962962962963	0.018518518518518517	0.14814814814814814	
0.11643835616438356	0.03424657534246575	0.3767123287671233	0.0958904109589041	0.07534246575342465	0.0410958904109589	0.0821917808219178	0.0410958904109589	0.0958904109589041	0.0410958904109589	
0.11428571428571428	0.06857142857142857	0.24	0.1657142857142857	0.045714285714285714	0.04	0.07428571428571429	0.05142857142857143	0.07428571428571429	0.12571428571428572	
0.10810810810810811	0.10810810810810811	0.13513513513513514	0.0945945945945946	0.06756756756756757	0.0945945945945946	0.06756756756756757	0.0945945945945946	0.06756756756756757	0.16216216216216217	
0.20075757575757575	0.06439393939393939	0.3068181818181818	0.16287878787878787	0.030303030303030304	0.026515151515151516	0.01893939393939394	0.022727272727272728	0.04924242424242424	0.11742424242424243	
0.23655913978494625	0.08602150537634409	0.20430107526881722	0.16666666666666666	0.05913978494623656	0.03763440860215054	0.043010752688172046	0.026881720430107527	0.03225806451612903	0.10752688172043011	
0.19718309859154928	0.03286384976525822	0.38967136150234744	0.13145539906103287	0.056338028169014086	0.03755868544600939	0.03755868544600939	0.028169014084507043	0.046948356807511735	0.04225352112676056	
0.1952662721893491	0.05917159763313609	0.21301775147928995	0.1834319526627219	0.029585798816568046	0.05325443786982249	0.04142011834319527	0.07100591715976332	0.04142011834319527	0.11242603550295859	
0.2247191011235955	0.019662921348314606	0.2640449438202247	0.14606741573033707	0.05056179775280899	0.03651685393258427	0.028089887640449437	0.028089887640449437	0.047752808988764044	0.1544943820224719	
0.07575757575757576	0.07575757575757576	0.2878787878787879	0.07575757575757576	0.07575757575757576	0.07575757575757576	0.07575757575757576	0.09090909090909091	0.07575757575757576	0.09090909090909091	
0.11940298507462686	0.06965174129353234	0.21890547263681592	0.2885572139303483	0.04477611940298507	0.04477611940298507	0.04975124378109453	0.04975124378109453	0.04477611940298507	0.06965174129353234	
0.13636363636363635	0.1590909090909091	0.1893939393939394	0.12121212121212122	0.045454545454545456	0.03787878787878788	0.09848484848484848	0.07575757575757576	0.05303030303030303	0.08333333333333333	
0.16666666666666666	0.14761904761904762	0.11428571428571428	0.24761904761904763	0.0380952380952381	0.0380952380952381	0.023809523809523808	0.06666666666666667	0.04285714285714286	0.11428571428571428	
0.06751054852320675	0.08438818565400844	0.2616033755274262	0.1518987341772152	0.07172995780590717	0.03375527426160337	0.0379746835443038	0.11392405063291139	0.05907172995780591	0.11814345991561181	
0.06593406593406594	0.054945054945054944	0.19230769230769232	0.16483516483516483	0.04395604395604396	0.054945054945054944	0.03296703296703297	0.25274725274725274	0.054945054945054944	0.08241758241758242	
0.07731958762886598	0.13402061855670103	0.4072164948453608	0.14432989690721648	0.02577319587628866	0.02577319587628866	0.02577319587628866	0.030927835051546393	0.03608247422680412	0.09278350515463918	
0.12244897959183673	0.19387755102040816	0.2755102040816326	0.16326530612244897	0.05102040816326531	0.030612244897959183	0.04591836734693878	0.025510204081632654	0.061224489795918366	0.030612244897959183	
0.06976744186046512	0.16279069767441862	0.23255813953488372	0.08139534883720931	0.05813953488372093	0.05813953488372093	0.10465116279069768	0.09302325581395349	0.06976744186046512	0.06976744186046512	
0.17266187050359713	0.15827338129496402	0.2805755395683453	0.1366906474820144	0.046762589928057555	0.025179856115107913	0.025179856115107913	0.025179856115107913	0.08633093525179857	0.04316546762589928	
0.0948905109489051	0.11678832116788321	0.35036496350364965	0.10948905109489052	0.051094890510948905	0.0364963503649635	0.072992700729927	0.058394160583941604	0.051094890510948905	0.058394160583941604	
0.14251781472684086	0.09263657957244656	0.31353919239904987	0.19239904988123516	0.035629453681710214	0.028503562945368172	0.0688836104513064	0.023752969121140142	0.0332541567695962	0.0688836104513064	
0.12307692307692308	0.06461538461538462	0.39076923076923076	0.16	0.033846153846153845	0.018461538461538463	0.024615384615384615	0.04923076923076923	0.052307692307692305	0.08307692307692308	
0.0744047619047619	0.05357142857142857	0.28869047619047616	0.30952380952380953	0.047619047619047616	0.026785714285714284	0.017857142857142856	0.03869047619047619	0.02976190476190476	0.1130952380952381	
0.06944444444444445	0.09375	0.3819444444444444	0.1909722222222222	0.024305555555555556	0.020833333333333332	0.03125	0.07291666666666667	0.020833333333333332	0.09375	
0.04946996466431095	0.028268551236749116	0.3003533568904594	0.1978798586572438	0.03180212014134275	0.024734982332155476	0.04240282685512368	0.1978798586572438	0.038869257950530034	0.08833922261484099	
0.06624203821656051	0.11082802547770701	0.034394904458598725	0.2178343949044586	0.03184713375796178	0.0267515923566879	0.3184713375796178	0.030573248407643312	0.07898089171974522	0.0840764331210191	
0.10335195530726257	0.0223463687150838	0.030726256983240222	0.13128491620111732	0.0223463687150838	0.061452513966480445	0.505586592178771	0.01675977653631285	0.0782122905027933	0.027932960893854747	
0.14444444444444443	0.03888888888888889	0.23055555555555557	0.09166666666666666	0.03333333333333333	0.030555555555555555	0.35	0.019444444444444445	0.025	0.03611111111111111	
0.11627906976744186	0.05813953488372093	0.2558139534883721	0.06976744186046512	0.10465116279069768	0.06976744186046512	0.08139534883720931	0.05813953488372093	0.10465116279069768	0.08139534883720931	
0.18930041152263374	0.04526748971193416	0.3045267489711934	0.12345679012345678	0.024691358024691357	0.04526748971193416	0.16049382716049382	0.037037037037037035	0.0411522633744856	0.02880658436213992	
0.15613382899628253	0.03469640644361834	0.3395291201982652	0.14250309789343246	0.03593556381660471	0.0161090458488228	0.23543990086741015	0.011152416356877323	0.012391573729863693	0.0161090458488228	
0.19626168224299065	0.1308411214953271	0.205607476635514	0.08411214953271028	0.08411214953271028	0.09345794392523364	0.056074766355140186	0.04672897196261682	0.04672897196261682	0.056074766355140186	
0.08152173913043478	0.04891304347826087	0.09239130434782608	0.14673913043478262	0.03804347826086957	0.05434782608695652	0.3967391304347826	0.043478260869565216	0.043478260869565216	0.05434782608695652	
0.19306930693069307	0.054455445544554455	0.1188118811881188	0.08415841584158416	0.06435643564356436	0.09405940594059406	0.2524752475247525	0.04950495049504951	0.0297029702970297	0.0594059405940594	
0.14084507042253522	0.035211267605633804	0.2605633802816901	0.08450704225352113	0.04225352112676056	0.07746478873239436	0.21830985915492956	0.035211267605633804	0.04929577464788732	0.056338028169014086	
0.11650485436893204	0.08737864077669903	0.05825242718446602	0.13592233009708737	0.05825242718446602	0.07766990291262135	0.2912621359223301	0.05825242718446602	0.05825242718446602	0.05825242718446602	
0.1440677966101695	0.07627118644067797	0.1016949152542373	0.05084745762711865	0.06779661016949153	0.09322033898305085	0.3135593220338983	0.0423728813559322	0.05084745762711865	0.059322033898305086	
0.07777777777777778	0.044444444444444446	0.18888888888888888	0.13333333333333333	0.03333333333333333	0.07777777777777778	0.2833333333333333	0.03333333333333333	0.07222222222222222	0.05555555555555555	
0.11561691113028473	0.025021570319240724	0.056082830025884385	0.15185504745470232	0.03537532355478861	0.012079378774805867	0.4659188955996549	0.008628127696289905	0.03796376186367558	0.091458153580673	
0.030864197530864196	0.027777777777777776	0.1419753086419753	0.16666666666666666	0.037037037037037035	0.030864197530864196	0.2222222222222222	0.2623456790123457	0.024691358024691357	0.05555555555555555	
0.21122994652406418	0.029411764705882353	0.08021390374331551	0.10695187165775401	0.03208556149732621	0.053475935828877004	0.42513368983957217	0.013368983957219251	0.029411764705882353	0.01871657754010695	
0.28365384615384615	0.02403846153846154	0.04807692307692308	0.1201923076923077	0.04326923076923077	0.20192307692307693	0.1971153846153846	0.02403846153846154	0.028846153846153848	0.028846153846153848	
0.17802197802197803	0.02857142857142857	0.015384615384615385	0.07472527472527472	0.026373626373626374	0.13626373626373625	0.45054945054945056	0.01098901098901099	0.02857142857142857	0.05054945054945055	
0.13703703703703704	0.040740740740740744	0.07037037037037037	0.08518518518518518	0.04814814814814815	0.1037037037037037	0.4185185185185185	0.037037037037037035	0.03333333333333333	0.025925925925925925	
0.14168377823408623	0.04722792607802875	0.0513347022587269	0.13963039014373715	0.09650924024640657	0.0513347022587269	0.39630390143737165	0.01026694045174538	0.030800821355236138	0.03490759753593429	
0.18274111675126903	0.030456852791878174	0.043993231810490696	0.07106598984771574	0.01692047377326565	0.04060913705583756	0.5465313028764806	0.01015228426395939	0.03553299492385787	0.021996615905245348	
0.11688311688311688	0.02857142857142857	0.08311688311688312	0.09610389610389611	0.025974025974025976	0.02857142857142857	0.5402597402597402	0.01818181818181818	0.03636363636363636	0.025974025974025976	
0.16	0.020425531914893616	0.04851063829787234	0.1148936170212766	0.011914893617021277	0.02723404255319149	0.5642553191489361	0.006808510638297872	0.02127659574468085	0.02468085106382979	
0.05235602094240838	0.034031413612565446	0.05759162303664921	0.14659685863874344	0.049738219895287955	0.03664921465968586	0.3219895287958115	0.22774869109947643	0.041884816753926704	0.031413612565445025	
0.24489795918367346	0.030612244897959183	0.023809523809523808	0.0782312925170068	0.027210884353741496	0.12244897959183673	0.35034013605442177	0.023809523809523808	0.05782312925170068	0.04081632653061224	
0.04609929078014184	0.024822695035460994	0.04964539007092199	0.23404255319148937	0.028368794326241134	0.03900709219858156	0.4148936170212766	0.04964539007092199	0.0425531914893617	0.07092198581560284	
0.18030690537084398	0.021739130434782608	0.03324808184143223	0.18286445012787725	0.034526854219948847	0.05370843989769821	0.45012787723785164	0.015345268542199489	0.01278772378516624	0.015345268542199489	
0.12421052631578948	0.035789473684210524	0.03368421052631579	0.16210526315789472	0.05894736842105263	0.03368421052631579	0.4968421052631579	0.01263157894736842	0.023157894736842106	0.018947368421052633	
0.07065217391304347	0.07065217391304347	0.05434782608695652	0.15760869565217392	0.04891304347826087	0.03260869565217391	0.44021739130434784	0.03804347826086957	0.043478260869565216	0.043478260869565216	
0.17579250720461095	0.069164265129683	0.09510086455331412	0.12680115273775217	0.025936599423631124	0.03170028818443804	0.3861671469740634	0.023054755043227664	0.03170028818443804	0.0345821325648415	
0.0718232044198895	0.03867403314917127	0.049723756906077346	0.19337016574585636	0.03314917127071823	0.03867403314917127	0.35911602209944754	0.06629834254143646	0.06629834254143646	0.08287292817679558	
0.07407407407407407	0.047619047619047616	0.07936507936507936	0.24338624338624337	0.06349206349206349	0.031746031746031744	0.19047619047619047	0.08994708994708994	0.08994708994708994	0.08994708994708994	
0.0365296803652968	0.0365296803652968	0.045662100456621	0.2922374429223744	0.0365296803652968	0.0547945205479452	0.319634703196347	0.06164383561643835	0.0593607305936073	0.05707762557077625	
0.09	0.06	0.07	0.2	0.05	0.05	0.2	0.07	0.09	0.12	
0.16901408450704225	0.07746478873239436	0.04225352112676056	0.19014084507042253	0.056338028169014086	0.04225352112676056	0.2112676056338028	0.04225352112676056	0.04929577464788732	0.11971830985915492	
0.39816933638443935	0.08237986270022883	0.032036613272311214	0.09382151029748284	0.018306636155606407	0.032036613272311214	0.14645308924485126	0.020594965675057208	0.04805491990846682	0.12814645308924486	
0.1867612293144208	0.018912529550827423	0.05200945626477541	0.19858156028368795	0.030732860520094562	0.0425531914893617	0.23167848699763594	0.018912529550827423	0.05200945626477541	0.16784869976359337	
0.028901734104046242	0.03275529865125241	0.02697495183044316	0.20616570327552985	0.017341040462427744	0.030828516377649325	0.2524084778420039	0.31021194605009633	0.03275529865125241	0.06165703275529865	
0.08035714285714286	0.03571428571428571	0.03869047619047619	0.17857142857142858	0.026785714285714284	0.44642857142857145	0.08630952380952381	0.023809523809523808	0.02976190476190476	0.05357142857142857	
0.10174880763116058	0.07631160572337042	0.04451510333863275	0.15421303656597773	0.06677265500794913	0.22575516693163752	0.02702702702702703	0.028616852146263912	0.10015898251192369	0.17488076311605724	
0.23076923076923078	0.05917159763313609	0.07692307692307693	0.08875739644970414	0.03550295857988166	0.23668639053254437	0.11242603550295859	0.029585798816568046	0.04142011834319527	0.08875739644970414	
0.0673076923076923	0.09615384615384616	0.04807692307692308	0.15384615384615385	0.07692307692307693	0.28846153846153844	0.08653846153846154	0.04807692307692308	0.07692307692307693	0.057692307692307696	
0.18063314711359404	0.020484171322160148	0.0111731843575419	0.12476722532588454	0.04283054003724395	0.3538175046554935	0.1266294227188082	0.0111731843575419	0.03910614525139665	0.0893854748603352	
0.15843270868824533	0.017035775127768313	0.03236797274275979	0.10391822827938671	0.022146507666098807	0.5093696763202725	0.06984667802385008	0.015332197614991482	0.056218057921635436	0.015332197614991482	
0.21238938053097345	0.017699115044247787	0.09734513274336283	0.12979351032448377	0.02064896755162242	0.32448377581120946	0.06489675516224189	0.04129793510324484	0.058997050147492625	0.032448377581120944	
0.09477756286266925	0.0367504835589942	0.13152804642166344	0.07156673114119923	0.019342359767891684	0.4661508704061896	0.09864603481624758	0.017408123791102514	0.04642166344294004	0.017408123791102514	
0.02702702702702703	0.04247104247104247	0.07335907335907337	0.12355212355212356	0.015444015444015444	0.2471042471042471	0.021235521235521235	0.3127413127413127	0.052123552123552123	0.08494208494208494	
0.1258741258741259	0.02097902097902098	0.055944055944055944	0.0979020979020979	0.024475524475524476	0.42657342657342656	0.13286713286713286	0.038461538461538464	0.038461538461538464	0.038461538461538464	
0.046153846153846156	0.03076923076923077	0.03461538461538462	0.21923076923076923	0.04230769230769231	0.4461538461538462	0.05	0.019230769230769232	0.046153846153846156	0.06538461538461539	
0.15567282321899736	0.018469656992084433	0.036939313984168866	0.0712401055408971	0.0633245382585752	0.5461741424802111	0.023746701846965697	0.021108179419525065	0.05013192612137203	0.013192612137203167	
0.11538461538461539	0.028846153846153848	0.02403846153846154	0.057692307692307696	0.052884615384615384	0.5	0.057692307692307696	0.02403846153846154	0.09134615384615384	0.04807692307692308	
0.16706443914081145	0.016706443914081145	0.01909307875894988	0.06921241050119331	0.050119331742243436	0.548926014319809	0.03341288782816229	0.014319809069212411	0.0477326968973747	0.03341288782816229	
0.21725239616613418	0.022364217252396165	0.03194888178913738	0.10543130990415335	0.054313099041533544	0.4472843450479233	0.02875399361022364	0.01597444089456869	0.051118210862619806	0.025559105431309903	
0.2490974729241877	0.02527075812274368	0.02888086642599278	0.09025270758122744	0.036101083032490974	0.44404332129963897	0.039711191335740074	0.018050541516245487	0.02888086642599278	0.039711191335740074	
0.1457286432160804	0.03015075376884422	0.035175879396984924	0.08040201005025126	0.04522613065326633	0.5326633165829145	0.05025125628140704	0.02512562814070352	0.03015075376884422	0.02512562814070352	
0.09129511677282377	0.021231422505307854	0.04670912951167728	0.12101910828025478	0.029723991507430998	0.554140127388535	0.03821656050955414	0.014861995753715499	0.06581740976645435	0.016985138004246284	
0.08148148148148149	0.037037037037037035	0.06666666666666667	0.17777777777777778	0.06666666666666667	0.31851851851851853	0.1259259259259259	0.044444444444444446	0.037037037037037035	0.044444444444444446	
0.07625272331154684	0.06318082788671024	0.02178649237472767	0.10457516339869281	0.054466230936819175	0.39869281045751637	0.08278867102396514	0.02178649237472767	0.06753812636165578	0.10893246187363835	
0.15384615384615385	0.04326923076923077	0.038461538461538464	0.08653846153846154	0.0673076923076923	0.42788461538461536	0.0673076923076923	0.02403846153846154	0.04807692307692308	0.04326923076923077	
0.035789473684210524	0.023157894736842106	0.02526315789473684	0.15368421052631578	0.023157894736842106	0.4231578947368421	0.03368421052631579	0.18105263157894738	0.05052631578947368	0.05052631578947368	
0.10404624277456648	0.04046242774566474	0.31213872832369943	0.1791907514450867	0.10404624277456648	0.04046242774566474	0.06358381502890173	0.046242774566473986	0.06358381502890173	0.046242774566473986	
0.30833333333333335	0.0375	0.3416666666666667	0.07916666666666666	0.025	0.03333333333333333	0.05	0.020833333333333332	0.075	0.029166666666666667	
0.13690476190476192	0.02976190476190476	0.49404761904761907	0.10714285714285714	0.03571428571428571	0.03571428571428571	0.041666666666666664	0.03571428571428571	0.047619047619047616	0.03571428571428571	
0.32608695652173914	0.06521739130434782	0.35507246376811596	0.036231884057971016	0.03985507246376811	0.03985507246376811	0.021739130434782608	0.021739130434782608	0.057971014492753624	0.036231884057971016	
0.18143459915611815	0.0379746835443038	0.4008438818565401	0.09282700421940929	0.029535864978902954	0.06751054852320675	0.08438818565400844	0.03375527426160337	0.029535864978902954	0.04219409282700422	
0.2796610169491525	0.05084745762711865	0.2559322033898305	0.13898305084745763	0.03389830508474576	0.06949152542372881	0.030508474576271188	0.020338983050847456	0.07966101694915254	0.04067796610169491	
0.1069182389937107	0.05660377358490566	0.27044025157232704	0.16037735849056603	0.05345911949685535	0.07232704402515723	0.03773584905660377	0.1289308176100629	0.03459119496855346	0.07861635220125786	
0.06578947368421052	0.06578947368421052	0.15789473684210525	0.09210526315789473	0.10526315789473684	0.07894736842105263	0.06578947368421052	0.06578947368421052	0.18421052631578946	0.11842105263157894	
0.039586919104991396	0.04819277108433735	0.029259896729776247	0.18932874354561102	0.07228915662650602	0.03098106712564544	0.04475043029259897	0.04130808950086059	0.4079173838209983	0.0963855421686747	
0.03717472118959108	0.05204460966542751	0.03717472118959108	0.23048327137546468	0.06319702602230483	0.02973977695167286	0.022304832713754646	0.048327137546468404	0.40148698884758366	0.07806691449814127	
0.09342560553633218	0.02768166089965398	0.0657439446366782	0.08996539792387544	0.04844290657439446	0.02422145328719723	0.02768166089965398	0.020761245674740483	0.5709342560553633	0.031141868512110725	
0.030303030303030304	0.039627039627039624	0.03263403263403263	0.1351981351981352	0.04895104895104895	0.037296037296037296	0.04195804195804196	0.018648018648018648	0.5571095571095571	0.05827505827505827	
0.045346062052505964	0.1026252983293556	0.06443914081145585	0.10978520286396182	0.04295942720763723	0.026252983293556086	0.01909307875894988	0.021479713603818614	0.4964200477326969	0.07159904534606205	
0.056451612903225805	0.04838709677419355	0.056451612903225805	0.14516129032258066	0.08064516129032258	0.04838709677419355	0.056451612903225805	0.04032258064516129	0.3064516129032258	0.16129032258064516	
0.08571428571428572	0.06938775510204082	0.04897959183673469	0.10612244897959183	0.044897959183673466	0.05714285714285714	0.02040816326530612	0.04897959183673469	0.37142857142857144	0.1469387755102041	
0.06465517241379311	0.13505747126436782	0.04310344827586207	0.20545977011494254	0.04885057471264368	0.01293103448275862	0.015804597701149427	0.010057471264367816	0.4396551724137931	0.02442528735632184	
0.26424050632911394	0.11234177215189874	0.04746835443037975	0.08069620253164557	0.061708860759493674	0.058544303797468354	0.02531645569620253	0.00949367088607595	0.30854430379746833	0.03164556962025317	
0.05504587155963303	0.045871559633027525	0.09174311926605505	0.13761467889908258	0.07339449541284404	0.05504587155963303	0.045871559633027525	0.3302752293577982	0.11009174311926606	0.05504587155963303	
0.13298791018998274	0.13644214162348878	0.0846286701208981	0.18307426597582038	0.14507772020725387	0.012089810017271158	0.02072538860103627	0.015544041450777202	0.037996545768566495	0.231433506044905	
0.13380281690140844	0.06103286384976526	0.06338028169014084	0.09859154929577464	0.48826291079812206	0.01643192488262911	0.02112676056338028	0.018779342723004695	0.056338028169014086	0.04225352112676056	
0.06996587030716724	0.17235494880546076	0.02218430034129693	0.08873720136518772	0.4590443686006826	0.04607508532423208	0.03583617747440273	0.010238907849829351	0.032423208191126277	0.06313993174061433	
0.058091286307053944	0.32918395573997233	0.059474412171507604	0.20608575380359612	0.06085753803596127	0.013831258644536652	0.035961272475795295	0.012448132780082987	0.08852005532503458	0.1355463347164592	
0.07555555555555556	0.08	0.057777777777777775	0.15555555555555556	0.08444444444444445	0.04	0.035555555555555556	0.2	0.09333333333333334	0.17777777777777778	
0.09230769230769231	0.24615384615384617	0.08461538461538462	0.046153846153846156	0.26153846153846155	0.046153846153846156	0.05384615384615385	0.046153846153846156	0.046153846153846156	0.07692307692307693	
0.06578947368421052	0.07894736842105263	0.13157894736842105	0.09210526315789473	0.09210526315789473	0.06578947368421052	0.09210526315789473	0.07894736842105263	0.23684210526315788	0.06578947368421052	
0.04504504504504504	0.05405405405405406	0.0990990990990991	0.23423423423423423	0.08108108108108109	0.04504504504504504	0.0990990990990991	0.05405405405405406	0.24324324324324326	0.04504504504504504	
0.06382978723404255	0.09574468085106383	0.06382978723404255	0.11702127659574468	0.07446808510638298	0.05319148936170213	0.0851063829787234	0.06382978723404255	0.32978723404255317	0.05319148936170213	
0.05844155844155844	0.09090909090909091	0.03896103896103896	0.13636363636363635	0.07142857142857142	0.05844155844155844	0.05194805194805195	0.03896103896103896	0.38311688311688313	0.07142857142857142	
0.07228915662650602	0.03614457831325301	0.04819277108433735	0.20481927710843373	0.060240963855421686	0.05421686746987952	0.030120481927710843	0.04216867469879518	0.4036144578313253	0.04819277108433735	
0.0661625708884688	0.026465028355387523	0.024574669187145556	0.12287334593572778	0.0831758034026465	0.017013232514177693	0.01890359168241966	0.015122873345935728	0.6068052930056711	0.01890359168241966	
0.041666666666666664	0.05	0.025	0.175	0.05416666666666667	0.020833333333333332	0.0375	0.04583333333333333	0.5208333333333334	0.029166666666666667	
0.06783369803063458	0.024070021881838075	0.019693654266958426	0.08533916849015317	0.13347921225382933	0.0262582056892779	0.01312910284463895	0.010940919037199124	0.6039387308533917	0.015317286652078774	
0.15064102564102563	0.16346153846153846	0.038461538461538464	0.08653846153846154	0.20192307692307693	0.0641025641025641	0.035256410256410256	0.022435897435897436	0.1891025641025641	0.04807692307692308	
0.13111888111888112	0.06293706293706294	0.022727272727272728	0.11013986013986014	0.17482517482517482	0.022727272727272728	0.026223776223776224	0.008741258741258742	0.42132867132867136	0.019230769230769232	
0.05084745762711865	0.062146892655367235	0.05649717514124294	0.1977401129943503	0.12429378531073447	0.03389830508474576	0.02824858757062147	0.24293785310734464	0.1638418079096045	0.03954802259887006	
0.07818930041152264	0.04938271604938271	0.08641975308641975	0.0823045267489712	0.024691358024691357	0.0411522633744856	0.024691358024691357	0.06995884773662552	0.49794238683127573	0.04526748971193416	
0.09803921568627451	0.0784313725490196	0.06862745098039216	0.09803921568627451	0.058823529411764705	0.06862745098039216	0.058823529411764705	0.058823529411764705	0.35294117647058826	0.058823529411764705	
0.09832134292565947	0.11031175059952038	0.08633093525179857	0.13189448441247004	0.03597122302158273	0.014388489208633094	0.02877697841726619	0.03836930455635491	0.4244604316546763	0.03117505995203837	
0.0992063492063492	0.03571428571428571	0.03968253968253968	0.06349206349206349	0.03571428571428571	0.031746031746031744	0.027777777777777776	0.01984126984126984	0.626984126984127	0.01984126984126984	
0.103125	0.025	0.1375	0.05	0.028125	0.04375	0.021875	0.015625	0.55	0.025	
0.1780821917808219	0.04794520547945205	0.136986301369863	0.08904109589041095	0.02054794520547945	0.06506849315068493	0.04452054794520548	0.017123287671232876	0.3767123287671233	0.023972602739726026	
0.13050847457627118	0.013559322033898305	0.04067796610169491	0.05593220338983051	0.02711864406779661	0.013559322033898305	0.0288135593220339	0.010169491525423728	0.6559322033898305	0.023728813559322035	
0.18854415274463007	0.03341288782816229	0.0405727923627685	0.081145584725537	0.021479713603818614	0.05250596658711217	0.026252983293556086	0.016706443914081145	0.5083532219570406	0.031026252983293555	
0.16266173752310537	0.08502772643253234	0.053604436229205174	0.06469500924214418	0.029574861367837338	0.029574861367837338	0.036968576709796676	0.022181146025878003	0.4898336414048059	0.025878003696857672	
0.04185022026431718	0.037444933920704845	0.037444933920704845	0.10352422907488987	0.028634361233480177	0.030837004405286344	0.019823788546255508	0.5374449339207048	0.1299559471365639	0.03303964757709251	
0.002161902474177276	0.024861878453038673	0.030867163103531107	0.015013211626231083	0.015373528705260629	0.0360317079029546	0.03146769156858035	0.7794859476339179	0.02077828489070382	0.043958683641604615	
0.005649717514124294	0.051104262968669746	0.2740112994350282	0.003852080123266564	0.1386748844375963	0.09142270159219312	0.2098099640472522	0.004622496147919877	0.04185927067283	0.17899332306111967	
0.1712707182320442	0.2569060773480663	0.03867403314917127	0.11602209944751381	0.19889502762430938	0.019337016574585635	0.06906077348066299	0.024861878453038673	0.03867403314917127	0.06629834254143646	
0.099644128113879	0.099644128113879	0.028469750889679714	0.2669039145907473	0.1494661921708185	0.042704626334519574	0.06405693950177936	0.03202846975088968	0.046263345195729534	0.1708185053380783	
0.0821917808219178	0.2602739726027397	0.136986301369863	0.0821917808219178	0.0821917808219178	0.0684931506849315	0.0821917808219178	0.0684931506849315	0.0684931506849315	0.0684931506849315	
0.0955223880597015	0.4388059701492537	0.049253731343283584	0.18208955223880596	0.07313432835820896	0.01791044776119403	0.04477611940298507	0.03283582089552239	0.03880597014925373	0.026865671641791045	
0.07894736842105263	0.3157894736842105	0.029605263157894735	0.1875	0.1875	0.029605263157894735	0.01644736842105263	0.023026315789473683	0.05263157894736842	0.07894736842105263	
0.0891891891891892	0.34594594594594597	0.05405405405405406	0.1945945945945946	0.12432432432432433	0.03513513513513514	0.05945945945945946	0.01891891891891892	0.02972972972972973	0.04864864864864865	
0.0775	0.4575	0.0475	0.16	0.04	0.045	0.0325	0.0225	0.04	0.0775	
0.07048458149779736	0.06167400881057269	0.011013215859030838	0.16079295154185022	0.5726872246696035	0.013215859030837005	0.01762114537444934	0.015418502202643172	0.037444933920704845	0.039647577092511016	
0.08433734939759036	0.3253012048192771	0.060240963855421686	0.18674698795180722	0.0783132530120482	0.04819277108433735	0.03614457831325301	0.04216867469879518	0.06626506024096386	0.07228915662650602	
0.092	0.464	0.064	0.112	0.064	0.048	0.04	0.024	0.048	0.044	
0.14942528735632185	0.19540229885057472	0.05747126436781609	0.16091954022988506	0.21264367816091953	0.04597701149425287	0.04597701149425287	0.05172413793103448	0.040229885057471264	0.040229885057471264	
0.16121495327102803	0.2616822429906542	0.02570093457943925	0.18691588785046728	0.16121495327102803	0.056074766355140186	0.028037383177570093	0.02570093457943925	0.053738317757009345	0.0397196261682243	
0.019230769230769232	0.25240384615384615	0.021634615384615384	0.20673076923076922	0.125	0.04567307692307692	0.028846153846153848	0.22355769230769232	0.021634615384615384	0.055288461538461536	
0.0625	0.475	0.041666666666666664	0.1375	0.1	0.025	0.05	0.029166666666666667	0.03333333333333333	0.04583333333333333	
0.08816120906801007	0.3224181360201511	0.05037783375314862	0.10579345088161209	0.1309823677581864	0.017632241813602016	0.027707808564231738	0.020151133501259445	0.17380352644836272	0.06297229219143577	
0.10181818181818182	0.5745454545454546	0.02181818181818182	0.03272727272727273	0.06181818181818182	0.025454545454545455	0.03272727272727273	0.02181818181818182	0.07272727272727272	0.05454545454545454	
0.11302211302211303	0.5233415233415234	0.02457002457002457	0.06388206388206388	0.11793611793611794	0.022113022113022112	0.0171990171990172	0.019656019656019656	0.04914004914004914	0.04914004914004914	
0.08943089430894309	0.3252032520325203	0.04878048780487805	0.08130081300813008	0.07317073170731707	0.08130081300813008	0.07317073170731707	0.056910569105691054	0.08130081300813008	0.08943089430894309	
0.13526570048309178	0.4106280193236715	0.028985507246376812	0.10628019323671498	0.033816425120772944	0.033816425120772944	0.028985507246376812	0.024154589371980676	0.1111111111111111	0.08695652173913043	
0.10294117647058823	0.19117647058823528	0.07352941176470588	0.08823529411764706	0.07352941176470588	0.08823529411764706	0.07352941176470588	0.11764705882352941	0.11764705882352941	0.07352941176470588	
0.22112211221122113	0.44224422442244227	0.0429042904290429	0.052805280528052806	0.052805280528052806	0.07920792079207921	0.0231023102310231	0.026402640264026403	0.033003300330033	0.026402640264026403	
0.13043478260869565	0.38819875776397517	0.031055900621118012	0.08695652173913043	0.13043478260869565	0.059006211180124224	0.040372670807453416	0.021739130434782608	0.06521739130434782	0.046583850931677016	
0.203125	0.453125	0.01953125	0.09765625	0.05859375	0.03125	0.02734375	0.02734375	0.0390625	0.04296875	
0.041474654377880185	0.4423963133640553	0.04608294930875576	0.10138248847926268	0.17511520737327188	0.041474654377880185	0.027649769585253458	0.041474654377880185	0.04608294930875576	0.03686635944700461	
0.04741379310344827	0.22844827586206898	0.09051724137931035	0.21120689655172414	0.04741379310344827	0.09913793103448276	0.03879310344827586	0.13793103448275862	0.04741379310344827	0.05172413793103448	
0.059322033898305086	0.03389830508474576	0.05508474576271186	0.22033898305084745	0.3771186440677966	0.038135593220338986	0.038135593220338986	0.03389830508474576	0.09745762711864407	0.046610169491525424	
0.05573770491803279	0.029508196721311476	0.03278688524590164	0.13114754098360656	0.5836065573770491	0.01639344262295082	0.05245901639344262	0.022950819672131147	0.036065573770491806	0.03934426229508197	
0.0755336617405583	0.0180623973727422	0.021346469622331693	0.11494252873563218	0.6502463054187192	0.029556650246305417	0.0180623973727422	0.009852216748768473	0.041050903119868636	0.021346469622331693	
0.056962025316455694	0.03481012658227848	0.028481012658227847	0.10443037974683544	0.6487341772151899	0.03164556962025317	0.0379746835443038	0.015822784810126583	0.022151898734177215	0.0189873417721519	
0.0943952802359882	0.02064896755162242	0.016224188790560472	0.12831858407079647	0.551622418879056	0.0471976401179941	0.030973451327433628	0.019174041297935103	0.06932153392330384	0.022123893805309734	
0.0625	0.06041666666666667	0.022916666666666665	0.15	0.56875	0.04375	0.022916666666666665	0.0125	0.03125	0.025	
0.14859437751004015	0.04618473895582329	0.020080321285140562	0.10040160642570281	0.4738955823293173	0.030120481927710843	0.02610441767068273	0.014056224899598393	0.02610441767068273	0.1144578313253012	
0.03594771241830065	0.0392156862745098	0.06535947712418301	0.20261437908496732	0.2875816993464052	0.029411764705882353	0.02287581699346405	0.2549019607843137	0.029411764705882353	0.032679738562091505	
0.029498525073746312	0.05309734513274336	0.038348082595870206	0.13569321533923304	0.5693215339233039	0.035398230088495575	0.02654867256637168	0.02064896755162242	0.029498525073746312	0.061946902654867256	
0.09273182957393483	0.17794486215538846	0.07769423558897243	0.11528822055137844	0.3558897243107769	0.017543859649122806	0.05012531328320802	0.022556390977443608	0.05012531328320802	0.040100250626566414	
0.10071942446043165	0.1079136690647482	0.07913669064748201	0.07194244604316546	0.31654676258992803	0.04316546762589928	0.08633093525179857	0.04316546762589928	0.050359712230215826	0.10071942446043165	
0.12258064516129032	0.07096774193548387	0.07741935483870968	0.07096774193548387	0.33548387096774196	0.03870967741935484	0.1032258064516129	0.03870967741935484	0.10967741935483871	0.03225806451612903	
0.06989247311827956	0.07526881720430108	0.04838709677419355	0.14516129032258066	0.3655913978494624	0.03763440860215054	0.04838709677419355	0.03225806451612903	0.07526881720430108	0.10215053763440861	
0.04945054945054945	0.15934065934065933	0.06593406593406594	0.054945054945054944	0.46703296703296704	0.03296703296703297	0.038461538461538464	0.027472527472527472	0.06593406593406594	0.038461538461538464	
0.09152542372881356	0.15932203389830507	0.04067796610169491	0.09830508474576272	0.42033898305084744	0.02711864406779661	0.03389830508474576	0.023728813559322035	0.061016949152542375	0.04406779661016949	
0.19248826291079812	0.03755868544600939	0.056338028169014086	0.07042253521126761	0.4694835680751174	0.03286384976525822	0.04225352112676056	0.028169014084507043	0.03286384976525822	0.03755868544600939	
0.07211538461538461	0.07692307692307693	0.03365384615384615	0.057692307692307696	0.5528846153846154	0.028846153846153848	0.052884615384615384	0.03365384615384615	0.057692307692307696	0.03365384615384615	
0.082039911308204	0.038802660753880266	0.05432372505543237	0.07317073170731707	0.6707317073170732	0.013303769401330377	0.025498891352549888	0.008869179600886918	0.017738359201773836	0.015521064301552107	
0.041666666666666664	0.04710144927536232	0.057971014492753624	0.17572463768115942	0.4148550724637681	0.034420289855072464	0.025362318840579712	0.15760869565217392	0.021739130434782608	0.02355072463768116	
0.4094488188976378	0.14960629921259844	0.051181102362204724	0.08661417322834646	0.03937007874015748	0.03937007874015748	0.051181102362204724	0.023622047244094488	0.03937007874015748	0.11023622047244094	
0.2057877813504823	0.1382636655948553	0.04501607717041801	0.0932475884244373	0.1414790996784566	0.022508038585209004	0.04180064308681672	0.03858520900321544	0.04180064308681672	0.2315112540192926	
0.35185185185185186	0.12962962962962962	0.037037037037037035	0.08518518518518518	0.044444444444444446	0.05555555555555555	0.03333333333333333	0.018518518518518517	0.040740740740740744	0.2037037037037037	
0.2663316582914573	0.09547738693467336	0.04522613065326633	0.08040201005025126	0.04522613065326633	0.03015075376884422	0.18090452261306533	0.035175879396984924	0.05025125628140704	0.1708542713567839	
0.44375	0.0625	0.05625	0.04375	0.04375	0.0625	0.10625	0.03125	0.05	0.1	
0.4708994708994709	0.1111111111111111	0.06878306878306878	0.06878306878306878	0.047619047619047616	0.0582010582010582	0.026455026455026454	0.042328042328042326	0.042328042328042326	0.06349206349206349	
0.3597122302158273	0.06474820143884892	0.050359712230215826	0.1079136690647482	0.11510791366906475	0.050359712230215826	0.050359712230215826	0.04316546762589928	0.06474820143884892	0.09352517985611511	
0.5291479820627802	0.08071748878923767	0.053811659192825115	0.04035874439461883	0.1031390134529148	0.05829596412556054	0.03587443946188341	0.026905829596412557	0.04035874439461883	0.03139013452914798	
0.35964912280701755	0.07017543859649122	0.09649122807017543	0.08771929824561403	0.06140350877192982	0.05263157894736842	0.05263157894736842	0.06140350877192982	0.08771929824561403	0.07017543859649122	
0.5377049180327869	0.03934426229508197	0.04918032786885246	0.08524590163934426	0.04262295081967213	0.06557377049180328	0.03934426229508197	0.019672131147540985	0.06557377049180328	0.05573770491803279	
0.49145299145299143	0.14957264957264957	0.02564102564102564	0.07264957264957266	0.0641025641025641	0.029914529914529916	0.02564102564102564	0.021367521367521368	0.0641025641025641	0.05555555555555555	
0.46179401993355484	0.09302325581395349	0.036544850498338874	0.07308970099667775	0.14950166112956811	0.03322259136212625	0.03322259136212625	0.019933554817275746	0.059800664451827246	0.03986710963455149	
0.22340425531914893	0.10638297872340426	0.09574468085106383	0.10638297872340426	0.0851063829787234	0.0851063829787234	0.09574468085106383	0.05319148936170213	0.09574468085106383	0.05319148936170213	
0.41139240506329117	0.056962025316455694	0.0949367088607595	0.12658227848101267	0.04430379746835443	0.05063291139240506	0.03164556962025317	0.0379746835443038	0.04430379746835443	0.10126582278481013	
0.6335504885993485	0.10260586319218241	0.019543973941368076	0.04234527687296417	0.026058631921824105	0.02280130293159609	0.029315960912052116	0.011400651465798045	0.029315960912052116	0.08306188925081433	
0.20634920634920634	0.027777777777777776	0.12698412698412698	0.21428571428571427	0.04365079365079365	0.03968253968253968	0.031746031746031744	0.1746031746031746	0.04365079365079365	0.09126984126984126	
0.23115577889447236	0.1708542713567839	0.08542713567839195	0.1658291457286432	0.08542713567839195	0.06532663316582915	0.035175879396984924	0.035175879396984924	0.06532663316582915	0.06030150753768844	
0.4319526627218935	0.0650887573964497	0.05325443786982249	0.047337278106508875	0.1242603550295858	0.07692307692307693	0.029585798816568046	0.03550295857988166	0.04142011834319527	0.09467455621301775	
0.421875	0.0625	0.03125	0.109375	0.036458333333333336	0.09375	0.026041666666666668	0.03125	0.046875	0.140625	
