0.1	0.08333333333333333	0.11666666666666667	0.15	0.11666666666666667	0.1	0.08333333333333333	0.08333333333333333	0.08333333333333333	0.08333333333333333	
0.08740601503759399	0.03853383458646616	0.12687969924812031	0.4473684210526316	0.13909774436090225	0.021616541353383457	0.016917293233082706	0.008458646616541353	0.06296992481203008	0.05075187969924812	
0.11072664359861592	0.06920415224913495	0.10726643598615918	0.4290657439446367	0.0657439446366782	0.02422145328719723	0.04152249134948097	0.04152249134948097	0.05190311418685121	0.058823529411764705	
0.06976744186046512	0.06976744186046512	0.16279069767441862	0.16279069767441862	0.13953488372093023	0.05813953488372093	0.05813953488372093	0.06976744186046512	0.12790697674418605	0.08139534883720931	
0.17894736842105263	0.09473684210526316	0.14736842105263157	0.14736842105263157	0.08421052631578947	0.06315789473684211	0.06315789473684211	0.05263157894736842	0.09473684210526316	0.07368421052631578	
0.06545454545454546	0.10909090909090909	0.10545454545454545	0.3563636363636364	0.13090909090909092	0.04	0.03636363636363636	0.025454545454545455	0.05818181818181818	0.07272727272727272	
0.03802281368821293	0.09505703422053231	0.12167300380228137	0.39923954372623577	0.06463878326996197	0.053231939163498096	0.045627376425855515	0.030418250950570342	0.06844106463878327	0.08365019011406843	
0.05092592592592592	0.037037037037037035	0.21296296296296297	0.2916666666666667	0.10185185185185185	0.06944444444444445	0.027777777777777776	0.032407407407407406	0.1111111111111111	0.06481481481481481	
0.03461538461538462	0.09615384615384616	0.1576923076923077	0.3038461538461538	0.20384615384615384	0.04230769230769231	0.026923076923076925	0.04230769230769231	0.046153846153846156	0.046153846153846156	
0.09719626168224299	0.037383177570093455	0.18691588785046728	0.32897196261682243	0.04672897196261682	0.03364485981308411	0.029906542056074768	0.016822429906542057	0.15327102803738318	0.0691588785046729	
0.10869565217391304	0.08695652173913043	0.1956521739130435	0.27717391304347827	0.059782608695652176	0.07065217391304347	0.05434782608695652	0.04891304347826087	0.05434782608695652	0.043478260869565216	
0.08870967741935484	0.04838709677419355	0.08064516129032258	0.25	0.10483870967741936	0.08870967741935484	0.06451612903225806	0.08064516129032258	0.08064516129032258	0.11290322580645161	
0.18152866242038215	0.08598726114649681	0.10828025477707007	0.3089171974522293	0.06687898089171974	0.044585987261146494	0.041401273885350316	0.025477707006369428	0.06687898089171974	0.07006369426751592	
0.104	0.048	0.168	0.396	0.08	0.036	0.04	0.024	0.036	0.068	
0.23613595706618962	0.07513416815742398	0.10554561717352415	0.370304114490161	0.04114490161001789	0.012522361359570662	0.03577817531305903	0.01967799642218247	0.055456171735241505	0.04830053667262969	
0.07258064516129033	0.1935483870967742	0.10483870967741936	0.21774193548387097	0.056451612903225805	0.08064516129032258	0.04838709677419355	0.04838709677419355	0.08064516129032258	0.0967741935483871	
0.056856187290969896	0.0802675585284281	0.36789297658862874	0.18729096989966554	0.046822742474916385	0.04013377926421405	0.016722408026755852	0.023411371237458192	0.11705685618729098	0.06354515050167224	
0.10382513661202186	0.18032786885245902	0.07103825136612021	0.2568306010928962	0.0546448087431694	0.07650273224043716	0.08743169398907104	0.07650273224043716	0.06557377049180328	0.0273224043715847	
0.1670428893905192	0.06884875846501129	0.10158013544018059	0.32505643340857787	0.11173814898419865	0.039503386004514675	0.04401805869074492	0.013544018058690745	0.07223476297968397	0.056433408577878104	
0.03858520900321544	0.04180064308681672	0.09967845659163987	0.2057877813504823	0.11254019292604502	0.03215434083601286	0.08038585209003216	0.03215434083601286	0.04823151125401929	0.3086816720257235	
0.07860262008733625	0.0611353711790393	0.14410480349344978	0.36681222707423583	0.1091703056768559	0.039301310043668124	0.03056768558951965	0.043668122270742356	0.07423580786026202	0.05240174672489083	
0.14741035856573706	0.0796812749003984	0.07569721115537849	0.2549800796812749	0.05179282868525897	0.035856573705179286	0.035856573705179286	0.04780876494023904	0.20318725099601595	0.06772908366533864	
0.1419939577039275	0.04833836858006042	0.1782477341389728	0.2809667673716012	0.04229607250755287	0.03625377643504532	0.02416918429003021	0.02416918429003021	0.16012084592145015	0.0634441087613293	
0.05571847507331378	0.10557184750733138	0.19941348973607037	0.18475073313782991	0.020527859237536656	0.04985337243401759	0.026392961876832845	0.02346041055718475	0.28152492668621704	0.05278592375366569	
0.025896414342629483	0.08167330677290836	0.3884462151394422	0.15139442231075698	0.027888446215139442	0.05179282868525897	0.02390438247011952	0.017928286852589643	0.18725099601593626	0.043824701195219126	
0.02912621359223301	0.0970873786407767	0.18932038834951456	0.24271844660194175	0.02912621359223301	0.14563106796116504	0.038834951456310676	0.03398058252427184	0.10679611650485436	0.08737864077669903	
0.08854166666666667	0.09375	0.22916666666666666	0.203125	0.057291666666666664	0.03125	0.026041666666666668	0.041666666666666664	0.17708333333333334	0.052083333333333336	
0.13333333333333333	0.03859649122807018	0.21052631578947367	0.37894736842105264	0.04912280701754386	0.03508771929824561	0.03508771929824561	0.02456140350877193	0.056140350877192984	0.03859649122807018	
0.22377622377622378	0.0979020979020979	0.08391608391608392	0.11188811188811189	0.08391608391608392	0.11188811188811189	0.06993006993006994	0.06293706293706294	0.09090909090909091	0.06293706293706294	
0.02320185614849188	0.037122969837587005	0.14617169373549885	0.12761020881670534	0.02320185614849188	0.037122969837587005	0.016241299303944315	0.02088167053364269	0.48491879350348027	0.08352668213457076	
0.07509881422924901	0.07114624505928854	0.1482213438735178	0.29051383399209485	0.019762845849802372	0.015810276679841896	0.019762845849802372	0.011857707509881422	0.25691699604743085	0.09090909090909091	
0.14414414414414414	0.05405405405405406	0.22522522522522523	0.0990990990990991	0.06306306306306306	0.07207207207207207	0.08108108108108109	0.08108108108108109	0.12612612612612611	0.05405405405405406	
0.09375	0.0625	0.125	0.20833333333333334	0.07291666666666667	0.052083333333333336	0.0625	0.09375	0.11458333333333333	0.11458333333333333	
0.04318936877076412	0.06312292358803986	0.14285714285714285	0.2591362126245847	0.04983388704318937	0.029900332225913623	0.03986710963455149	0.019933554817275746	0.3289036544850498	0.023255813953488372	
0.03015075376884422	0.04020100502512563	0.10050251256281408	0.21608040201005024	0.03015075376884422	0.05527638190954774	0.06532663316582915	0.03015075376884422	0.2814070351758794	0.1507537688442211	
0.04918032786885246	0.07650273224043716	0.09289617486338798	0.4207650273224044	0.04918032786885246	0.07103825136612021	0.04918032786885246	0.0273224043715847	0.09836065573770492	0.06557377049180328	
0.032846715328467155	0.072992700729927	0.032846715328467155	0.4416058394160584	0.051094890510948905	0.040145985401459854	0.029197080291970802	0.040145985401459854	0.17518248175182483	0.08394160583941605	
0.046357615894039736	0.08609271523178808	0.076158940397351	0.41721854304635764	0.026490066225165563	0.052980132450331126	0.039735099337748346	0.023178807947019868	0.11589403973509933	0.11589403973509933	
0.03153153153153153	0.036036036036036036	0.10810810810810811	0.32432432432432434	0.04504504504504504	0.14864864864864866	0.036036036036036036	0.02252252252252252	0.11711711711711711	0.13063063063063063	
0.029339853300733496	0.044009779951100246	0.06845965770171149	0.2787286063569682	0.08557457212713937	0.10024449877750612	0.05623471882640587	0.03667481662591687	0.18581907090464547	0.11491442542787286	
0.047058823529411764	0.09411764705882353	0.07058823529411765	0.35294117647058826	0.041176470588235294	0.07058823529411765	0.06470588235294118	0.041176470588235294	0.1411764705882353	0.07647058823529412	
0.075	0.060714285714285714	0.13214285714285715	0.24285714285714285	0.03571428571428571	0.10357142857142858	0.060714285714285714	0.08571428571428572	0.06785714285714285	0.1357142857142857	
0.032663316582914576	0.032663316582914576	0.17587939698492464	0.20100502512562815	0.020100502512562814	0.10050251256281408	0.017587939698492462	0.022613065326633167	0.02512562814070352	0.37185929648241206	
0.015909090909090907	0.07727272727272727	0.22045454545454546	0.22727272727272727	0.020454545454545454	0.05	0.01818181818181818	0.029545454545454545	0.11818181818181818	0.22272727272727272	
0.02754237288135593	0.0635593220338983	0.09745762711864407	0.25	0.038135593220338986	0.02754237288135593	0.023305084745762712	0.019067796610169493	0.06991525423728813	0.3834745762711864	
0.03162055335968379	0.07114624505928854	0.09090909090909091	0.21739130434782608	0.02766798418972332	0.03162055335968379	0.043478260869565216	0.02766798418972332	0.039525691699604744	0.4189723320158103	
0.029953917050691243	0.03917050691244239	0.1359447004608295	0.16129032258064516	0.016129032258064516	0.03917050691244239	0.02534562211981567	0.020737327188940093	0.03456221198156682	0.4976958525345622	
0.09696969696969697	0.10303030303030303	0.12727272727272726	0.2636363636363636	0.021212121212121213	0.051515151515151514	0.07272727272727272	0.02727272727272727	0.09090909090909091	0.14545454545454545	
0.03333333333333333	0.05	0.12777777777777777	0.18333333333333332	0.027777777777777776	0.06111111111111111	0.027777777777777776	0.044444444444444446	0.06666666666666667	0.37777777777777777	
0.033542976939203356	0.033542976939203356	0.18448637316561844	0.129979035639413	0.020964360587002098	0.05241090146750524	0.0440251572327044	0.020964360587002098	0.05450733752620545	0.42557651991614254	
0.07246376811594203	0.057971014492753624	0.057971014492753624	0.057971014492753624	0.07246376811594203	0.06521739130434782	0.050724637681159424	0.07971014492753623	0.07971014492753623	0.4057971014492754	
0.058333333333333334	0.058333333333333334	0.18333333333333332	0.13333333333333333	0.075	0.1	0.05	0.041666666666666664	0.10833333333333334	0.19166666666666668	
0.03103448275862069	0.041379310344827586	0.2689655172413793	0.1724137931034483	0.03793103448275862	0.08275862068965517	0.02413793103448276	0.03103448275862069	0.04482758620689655	0.2655172413793103	
0.06578947368421052	0.07894736842105263	0.18421052631578946	0.07894736842105263	0.10526315789473684	0.10526315789473684	0.09210526315789473	0.07894736842105263	0.06578947368421052	0.14473684210526316	
0.04186046511627907	0.10697674418604651	0.13023255813953488	0.12093023255813953	0.037209302325581395	0.027906976744186046	0.06046511627906977	0.05116279069767442	0.05581395348837209	0.3674418604651163	
0.014209591474245116	0.0497335701598579	0.17584369449378331	0.055062166962699825	0.015985790408525755	0.019538188277087035	0.04440497335701599	0.014209591474245116	0.35168738898756663	0.25932504440497334	
0.07357859531772576	0.056856187290969896	0.13043478260869565	0.3177257525083612	0.06354515050167224	0.033444816053511704	0.07023411371237458	0.030100334448160536	0.1605351170568562	0.06354515050167224	
0.048327137546468404	0.09293680297397769	0.10408921933085502	0.3308550185873606	0.17100371747211895	0.03717472118959108	0.07434944237918216	0.03345724907063197	0.040892193308550186	0.06691449814126393	
0.04054054054054054	0.06756756756756757	0.07722007722007722	0.2857142857142857	0.21042471042471042	0.04247104247104247	0.06756756756756757	0.017374517374517374	0.025096525096525095	0.16602316602316602	
0.09620991253644315	0.06705539358600583	0.09329446064139942	0.30903790087463556	0.12244897959183673	0.043731778425655975	0.09329446064139942	0.02040816326530612	0.06997084548104957	0.08454810495626822	
0.03821656050955414	0.05307855626326964	0.15711252653927812	0.16348195329087048	0.18259023354564755	0.08492569002123142	0.044585987261146494	0.016985138004246284	0.036093418259023353	0.2229299363057325	
0.08450704225352113	0.08450704225352113	0.11267605633802817	0.09859154929577464	0.176056338028169	0.04225352112676056	0.04929577464788732	0.06338028169014084	0.056338028169014086	0.2323943661971831	
0.050505050505050504	0.12121212121212122	0.18181818181818182	0.09090909090909091	0.1717171717171717	0.050505050505050504	0.1414141414141414	0.050505050505050504	0.050505050505050504	0.09090909090909091	
0.08695652173913043	0.15942028985507245	0.10144927536231885	0.10144927536231885	0.07246376811594203	0.10144927536231885	0.11594202898550725	0.08695652173913043	0.07246376811594203	0.10144927536231885	
0.05642633228840126	0.109717868338558	0.09090909090909091	0.3103448275862069	0.13166144200626959	0.03134796238244514	0.09717868338557993	0.018808777429467086	0.0438871473354232	0.109717868338558	
0.04797047970479705	0.07749077490774908	0.05904059040590406	0.24723247232472326	0.0996309963099631	0.055350553505535055	0.23247232472324722	0.033210332103321034	0.02952029520295203	0.11808118081180811	
0.051587301587301584	0.041666666666666664	0.12896825396825398	0.2123015873015873	0.02976190476190476	0.04365079365079365	0.24603174603174602	0.025793650793650792	0.03373015873015873	0.1865079365079365	
0.019933554817275746	0.07308970099667775	0.06976744186046512	0.07973421926910298	0.019933554817275746	0.04318936877076412	0.08637873754152824	0.029900332225913623	0.059800664451827246	0.5182724252491694	
0.01764705882352941	0.03333333333333333	0.1784313725490196	0.08431372549019608	0.0196078431372549	0.029411764705882353	0.03333333333333333	0.0196078431372549	0.025490196078431372	0.5588235294117647	
0.0410958904109589	0.0547945205479452	0.0958904109589041	0.04794520547945205	0.03424657534246575	0.04794520547945205	0.03424657534246575	0.03424657534246575	0.06164383561643835	0.547945205479452	
0.038560411311053984	0.05912596401028278	0.18251928020565553	0.14395886889460155	0.05141388174807198	0.06940874035989718	0.04884318766066838	0.02570694087403599	0.03598971722365039	0.3444730077120823	
0.030364372469635626	0.01417004048582996	0.06072874493927125	0.08502024291497975	0.03441295546558704	0.0708502024291498	0.07692307692307693	0.020242914979757085	0.030364372469635626	0.5769230769230769	
0.07106598984771574	0.07360406091370558	0.09390862944162437	0.1751269035532995	0.030456852791878174	0.08121827411167512	0.2436548223350254	0.02030456852791878	0.05583756345177665	0.1548223350253807	
0.027613412228796843	0.021696252465483234	0.07692307692307693	0.11834319526627218	0.04339250493096647	0.04339250493096647	0.04142011834319527	0.03353057199211045	0.08875739644970414	0.504930966469428	
0.034013605442176874	0.061224489795918366	0.11564625850340136	0.23129251700680273	0.10204081632653061	0.047619047619047616	0.1564625850340136	0.08843537414965986	0.061224489795918366	0.10204081632653061	
0.03289473684210526	0.09868421052631579	0.19078947368421054	0.1118421052631579	0.07894736842105263	0.039473684210526314	0.17763157894736842	0.05263157894736842	0.10526315789473684	0.1118421052631579	
0.05309734513274336	0.10619469026548672	0.10176991150442478	0.05752212389380531	0.2168141592920354	0.05309734513274336	0.07964601769911504	0.02654867256637168	0.0752212389380531	0.23008849557522124	
0.19948849104859334	0.0741687979539642	0.17391304347826086	0.13043478260869565	0.1483375959079284	0.05115089514066496	0.061381074168797956	0.03324808184143223	0.06905370843989769	0.058823529411764705	
0.13836477987421383	0.1320754716981132	0.0880503144654088	0.07547169811320754	0.16981132075471697	0.031446540880503145	0.050314465408805034	0.03773584905660377	0.050314465408805034	0.22641509433962265	
0.04878048780487805	0.06829268292682927	0.13658536585365855	0.09268292682926829	0.22439024390243903	0.04390243902439024	0.11219512195121951	0.03414634146341464	0.03902439024390244	0.2	
0.08108108108108109	0.0945945945945946	0.0945945945945946	0.25675675675675674	0.06756756756756757	0.0945945945945946	0.08108108108108109	0.08108108108108109	0.08108108108108109	0.06756756756756757	
0.03536977491961415	0.028938906752411574	0.15755627009646303	0.04823151125401929	0.01929260450160772	0.06430868167202572	0.028938906752411574	0.02572347266881029	0.3247588424437299	0.26688102893890675	
0.04945054945054945	0.04945054945054945	0.08791208791208792	0.27472527472527475	0.06043956043956044	0.07692307692307693	0.038461538461538464	0.038461538461538464	0.23076923076923078	0.09340659340659341	
0.04697986577181208	0.06711409395973154	0.1476510067114094	0.26174496644295303	0.06040268456375839	0.14093959731543623	0.03355704697986577	0.06040268456375839	0.03355704697986577	0.1476510067114094	
0.03389830508474576	0.06779661016949153	0.0847457627118644	0.2330508474576271	0.05084745762711865	0.11440677966101695	0.025423728813559324	0.029661016949152543	0.09322033898305085	0.2669491525423729	
0.0625	0.0625	0.04861111111111111	0.0763888888888889	0.04861111111111111	0.06944444444444445	0.08333333333333333	0.034722222222222224	0.05555555555555555	0.4583333333333333	
0.07983193277310924	0.07983193277310924	0.029411764705882353	0.15126050420168066	0.029411764705882353	0.15546218487394958	0.03361344537815126	0.05042016806722689	0.07563025210084033	0.31512605042016806	
0.043478260869565216	0.06832298136645963	0.062111801242236024	0.21739130434782608	0.062111801242236024	0.16149068322981366	0.14906832298136646	0.062111801242236024	0.06832298136645963	0.10559006211180125	
0.056	0.112	0.112	0.224	0.04	0.104	0.072	0.056	0.064	0.16	
0.043209876543209874	0.06172839506172839	0.07407407407407407	0.17901234567901234	0.07407407407407407	0.10493827160493827	0.08024691358024691	0.037037037037037035	0.1111111111111111	0.2345679012345679	
0.061224489795918366	0.05782312925170068	0.09863945578231292	0.24489795918367346	0.034013605442176874	0.14965986394557823	0.17687074829931973	0.05442176870748299	0.034013605442176874	0.08843537414965986	
0.06208425720620843	0.04878048780487805	0.1352549889135255	0.12638580931263857	0.03991130820399113	0.10643015521064302	0.09312638580931264	0.017738359201773836	0.024390243902439025	0.3458980044345898	
0.064	0.08	0.08	0.256	0.14	0.124	0.04	0.024	0.064	0.128	
0.05405405405405406	0.04054054054054054	0.0472972972972973	0.18243243243243243	0.10810810810810811	0.16216216216216217	0.10810810810810811	0.033783783783783786	0.06756756756756757	0.19594594594594594	
0.08620689655172414	0.10344827586206896	0.08620689655172414	0.10344827586206896	0.08620689655172414	0.08620689655172414	0.10344827586206896	0.10344827586206896	0.08620689655172414	0.15517241379310345	
0.045112781954887216	0.06015037593984962	0.13533834586466165	0.13533834586466165	0.03759398496240601	0.06766917293233082	0.07518796992481203	0.045112781954887216	0.05263157894736842	0.3458646616541353	
0.042492917847025496	0.0708215297450425	0.1048158640226629	0.10764872521246459	0.036827195467422094	0.0821529745042493	0.10198300283286119	0.039660056657223795	0.10764872521246459	0.3059490084985836	
0.041379310344827586	0.06206896551724138	0.10344827586206896	0.2620689655172414	0.07586206896551724	0.10344827586206896	0.08275862068965517	0.034482758620689655	0.05517241379310345	0.1793103448275862	
0.0234375	0.0390625	0.16796875	0.08984375	0.0546875	0.0625	0.0390625	0.04296875	0.04296875	0.4375	
0.057692307692307696	0.0673076923076923	0.11538461538461539	0.11538461538461539	0.08653846153846154	0.1346153846153846	0.10576923076923077	0.04807692307692308	0.09615384615384616	0.17307692307692307	
0.05263157894736842	0.045112781954887216	0.06015037593984962	0.05263157894736842	0.06766917293233082	0.10526315789473684	0.05263157894736842	0.045112781954887216	0.05263157894736842	0.46616541353383456	
0.0267639902676399	0.021897810218978103	0.09732360097323602	0.0851581508515815	0.051094890510948905	0.12165450121654502	0.038929440389294405	0.024330900243309004	0.051094890510948905	0.48175182481751827	
0.0502092050209205	0.0794979079497908	0.08786610878661087	0.08786610878661087	0.03347280334728033	0.08368200836820083	0.03765690376569038	0.04184100418410042	0.02092050209205021	0.4769874476987448	
0.0728476821192053	0.09271523178807947	0.052980132450331126	0.1456953642384106	0.059602649006622516	0.08609271523178808	0.046357615894039736	0.06622516556291391	0.052980132450331126	0.32450331125827814	
0.034552845528455285	0.07113821138211382	0.1402439024390244	0.17073170731707318	0.03861788617886179	0.06707317073170732	0.052845528455284556	0.024390243902439025	0.028455284552845527	0.3719512195121951	
0.05731225296442688	0.1067193675889328	0.08498023715415019	0.4901185770750988	0.043478260869565216	0.041501976284584984	0.03557312252964427	0.03557312252964427	0.037549407114624504	0.06719367588932806	
0.07228915662650602	0.0572289156626506	0.11144578313253012	0.4427710843373494	0.0783132530120482	0.018072289156626505	0.03614457831325301	0.02710843373493976	0.09337349397590361	0.06325301204819277	
0.052884615384615384	0.05048076923076923	0.07211538461538461	0.4567307692307692	0.05048076923076923	0.016826923076923076	0.0985576923076923	0.03125	0.052884615384615384	0.11778846153846154	
0.06325301204819277	0.04216867469879518	0.06325301204819277	0.5632530120481928	0.03313253012048193	0.04216867469879518	0.02710843373493976	0.02710843373493976	0.06626506024096386	0.07228915662650602	
0.032679738562091505	0.0457516339869281	0.17429193899782136	0.46405228758169936	0.013071895424836602	0.0915032679738562	0.030501089324618737	0.026143790849673203	0.08061002178649238	0.04139433551198257	
0.07733333333333334	0.032	0.06933333333333333	0.5173333333333333	0.050666666666666665	0.024	0.029333333333333333	0.034666666666666665	0.06133333333333333	0.104	
0.04658901830282862	0.05490848585690516	0.10149750415973377	0.23294509151414308	0.19800332778702162	0.033277870216306155	0.05324459234608985	0.026622296173044926	0.036605657237936774	0.21630615640599002	
0.1834862385321101	0.05963302752293578	0.12844036697247707	0.2981651376146789	0.05504587155963303	0.045871559633027525	0.06880733944954129	0.05045871559633028	0.0871559633027523	0.022935779816513763	
0.17209302325581396	0.08372093023255814	0.11627906976744186	0.2837209302325581	0.027906976744186046	0.06046511627906977	0.03255813953488372	0.027906976744186046	0.14883720930232558	0.046511627906976744	
0.09267241379310345	0.06896551724137931	0.20905172413793102	0.25646551724137934	0.034482758620689655	0.03879310344827586	0.10344827586206896	0.021551724137931036	0.05603448275862069	0.11853448275862069	
0.11057692307692307	0.038461538461538464	0.1778846153846154	0.2932692307692308	0.10096153846153846	0.04326923076923077	0.038461538461538464	0.028846153846153848	0.07692307692307693	0.09134615384615384	
0.11942675159235669	0.06687898089171974	0.2659235668789809	0.24681528662420382	0.03821656050955414	0.030254777070063694	0.03821656050955414	0.030254777070063694	0.06369426751592357	0.10031847133757962	
0.05555555555555555	0.06790123456790123	0.1111111111111111	0.3950617283950617	0.09876543209876543	0.037037037037037035	0.07407407407407407	0.043209876543209874	0.07407407407407407	0.043209876543209874	
0.1286549707602339	0.16374269005847952	0.10526315789473684	0.30409356725146197	0.06432748538011696	0.05847953216374269	0.029239766081871343	0.03508771929824561	0.04678362573099415	0.06432748538011696	
0.21370967741935484	0.13306451612903225	0.04838709677419355	0.24193548387096775	0.056451612903225805	0.03225806451612903	0.05241935483870968	0.04435483870967742	0.06048387096774194	0.11693548387096774	
0.09501557632398754	0.10124610591900311	0.19781931464174454	0.3629283489096573	0.03582554517133956	0.024922118380062305	0.07165109034267912	0.0264797507788162	0.059190031152647975	0.024922118380062305	
0.11375661375661375	0.0873015873015873	0.031746031746031744	0.4576719576719577	0.0582010582010582	0.06349206349206349	0.07407407407407407	0.023809523809523808	0.037037037037037035	0.05291005291005291	
0.04046242774566474	0.046242774566473986	0.08670520231213873	0.5549132947976878	0.03468208092485549	0.046242774566473986	0.057803468208092484	0.04046242774566474	0.046242774566473986	0.046242774566473986	
0.0371900826446281	0.045454545454545456	0.12190082644628099	0.24380165289256198	0.022727272727272728	0.08471074380165289	0.31611570247933884	0.04132231404958678	0.05371900826446281	0.03305785123966942	
0.07473309608540925	0.05338078291814947	0.03558718861209965	0.5658362989323843	0.060498220640569395	0.03914590747330961	0.046263345195729534	0.03558718861209965	0.046263345195729534	0.042704626334519574	
0.08641975308641975	0.13580246913580246	0.13580246913580246	0.1728395061728395	0.09876543209876543	0.07407407407407407	0.08641975308641975	0.06172839506172839	0.08641975308641975	0.06172839506172839	
0.040229885057471264	0.09195402298850575	0.05172413793103448	0.3103448275862069	0.05747126436781609	0.06896551724137931	0.04597701149425287	0.040229885057471264	0.06321839080459771	0.22988505747126436	
0.0141287284144427	0.12480376766091052	0.10910518053375197	0.2778649921507064	0.1185243328100471	0.04945054945054945	0.03139717425431711	0.014913657770800628	0.05102040816326531	0.2087912087912088	
0.03980891719745223	0.1337579617834395	0.0732484076433121	0.5143312101910829	0.04936305732484077	0.041401273885350316	0.01910828025477707	0.042993630573248405	0.03184713375796178	0.054140127388535034	
0.19318181818181818	0.03409090909090909	0.056818181818181816	0.25	0.10227272727272728	0.07954545454545454	0.11363636363636363	0.03977272727272727	0.05113636363636364	0.07954545454545454	
0.13984962406015036	0.10977443609022557	0.13383458646616542	0.36390977443609024	0.03759398496240601	0.03458646616541353	0.039097744360902256	0.02556390977443609	0.07368421052631578	0.042105263157894736	
0.07925407925407925	0.05827505827505827	0.05827505827505827	0.5291375291375291	0.02097902097902098	0.05128205128205128	0.05128205128205128	0.02564102564102564	0.06060606060606061	0.06526806526806526	
0.037383177570093455	0.09345794392523364	0.06542056074766354	0.4672897196261682	0.035046728971962614	0.04205607476635514	0.04205607476635514	0.0630841121495327	0.10046728971962617	0.053738317757009345	
0.13442622950819672	0.05245901639344262	0.06885245901639345	0.40327868852459015	0.07213114754098361	0.036065573770491806	0.029508196721311476	0.05245901639344262	0.09508196721311475	0.05573770491803279	
0.06266318537859007	0.12532637075718014	0.08877284595300261	0.4255874673629243	0.06005221932114883	0.033942558746736295	0.04699738903394256	0.04960835509138381	0.057441253263707574	0.04960835509138381	
0.09714285714285714	0.06285714285714286	0.05714285714285714	0.38857142857142857	0.05142857142857143	0.10857142857142857	0.05142857142857143	0.09714285714285714	0.05714285714285714	0.02857142857142857	
0.05263157894736842	0.12280701754385964	0.08771929824561403	0.21052631578947367	0.0935672514619883	0.14619883040935672	0.03508771929824561	0.029239766081871343	0.04093567251461988	0.18128654970760233	
0.025	0.06363636363636363	0.1159090909090909	0.225	0.13863636363636364	0.21818181818181817	0.022727272727272728	0.020454545454545454	0.09318181818181819	0.07727272727272727	
0.058333333333333334	0.05	0.125	0.25833333333333336	0.041666666666666664	0.18333333333333332	0.1	0.041666666666666664	0.058333333333333334	0.08333333333333333	
0.022556390977443608	0.06203007518796992	0.09586466165413533	0.26127819548872183	0.016917293233082706	0.21052631578947367	0.039473684210526314	0.03195488721804511	0.020676691729323307	0.2387218045112782	
0.05	0.05909090909090909	0.12272727272727273	0.17272727272727273	0.045454545454545456	0.30454545454545456	0.06363636363636363	0.04090909090909091	0.03636363636363636	0.10454545454545454	
0.053125	0.05	0.15	0.134375	0.0625	0.153125	0.0875	0.015625	0.040625	0.253125	
0.044642857142857144	0.09821428571428571	0.125	0.08035714285714286	0.07142857142857142	0.17857142857142858	0.05357142857142857	0.08035714285714286	0.09821428571428571	0.16964285714285715	
0.02727272727272727	0.07272727272727272	0.08181818181818182	0.24545454545454545	0.18636363636363637	0.09090909090909091	0.08636363636363636	0.05	0.02727272727272727	0.1318181818181818	
0.027777777777777776	0.06565656565656566	0.06313131313131314	0.13131313131313133	0.027777777777777776	0.39141414141414144	0.050505050505050504	0.025252525252525252	0.050505050505050504	0.16666666666666666	
0.03398058252427184	0.043689320388349516	0.0825242718446602	0.18932038834951456	0.043689320388349516	0.2669902912621359	0.04854368932038835	0.03398058252427184	0.07766990291262135	0.1796116504854369	
0.04964539007092199	0.05673758865248227	0.07092198581560284	0.10638297872340426	0.0425531914893617	0.3120567375886525	0.06382978723404255	0.03546099290780142	0.09219858156028368	0.1702127659574468	
0.061855670103092786	0.03608247422680412	0.05670103092783505	0.16494845360824742	0.02577319587628866	0.28350515463917525	0.04639175257731959	0.02577319587628866	0.08762886597938144	0.211340206185567	
0.060240963855421686	0.060240963855421686	0.10843373493975904	0.10843373493975904	0.060240963855421686	0.1566265060240964	0.08433734939759036	0.07228915662650602	0.10843373493975904	0.18072289156626506	
0.11170212765957446	0.026595744680851064	0.20212765957446807	0.07446808510638298	0.05319148936170213	0.21808510638297873	0.0851063829787234	0.03723404255319149	0.0851063829787234	0.10638297872340426	
0.04035874439461883	0.07623318385650224	0.04484304932735426	0.17937219730941703	0.03139013452914798	0.2556053811659193	0.08071748878923767	0.04035874439461883	0.08520179372197309	0.16591928251121077	
0.047752808988764044	0.08426966292134831	0.14887640449438203	0.17415730337078653	0.08707865168539326	0.10955056179775281	0.0898876404494382	0.09831460674157304	0.033707865168539325	0.12640449438202248	
0.08	0.05714285714285714	0.07428571428571429	0.22857142857142856	0.02857142857142857	0.1657142857142857	0.10285714285714286	0.02857142857142857	0.05142857142857143	0.18285714285714286	
0.06905370843989769	0.08184143222506395	0.09462915601023018	0.24808184143222506	0.23273657289002558	0.056265984654731455	0.056265984654731455	0.04603580562659847	0.056265984654731455	0.058823529411764705	
0.018867924528301886	0.09224318658280922	0.10062893081761007	0.08176100628930817	0.29559748427672955	0.04821802935010482	0.033542976939203356	0.014675052410901468	0.1719077568134172	0.14255765199161424	
0.07923497267759563	0.04644808743169399	0.13387978142076504	0.2650273224043716	0.16120218579234974	0.030054644808743168	0.02185792349726776	0.0273224043715847	0.06830601092896176	0.16666666666666666	
0.06349206349206349	0.09523809523809523	0.07142857142857142	0.31746031746031744	0.10317460317460317	0.0873015873015873	0.06349206349206349	0.07936507936507936	0.03968253968253968	0.07936507936507936	
0.049723756906077346	0.0718232044198895	0.08287292817679558	0.26519337016574585	0.13259668508287292	0.09392265193370165	0.08839779005524862	0.06629834254143646	0.0718232044198895	0.07734806629834254	
0.06395348837209303	0.06395348837209303	0.0872093023255814	0.2441860465116279	0.1744186046511628	0.05813953488372093	0.08139534883720931	0.06976744186046512	0.05232558139534884	0.10465116279069768	
0.08130081300813008	0.056910569105691054	0.09349593495934959	0.44715447154471544	0.024390243902439025	0.06504065040650407	0.06504065040650407	0.036585365853658534	0.06097560975609756	0.06910569105691057	
0.07894736842105263	0.07894736842105263	0.13157894736842105	0.2236842105263158	0.06578947368421052	0.07894736842105263	0.10526315789473684	0.07894736842105263	0.07894736842105263	0.07894736842105263	
0.09318181818181819	0.04090909090909091	0.16818181818181818	0.31136363636363634	0.17045454545454544	0.025	0.07045454545454545	0.02727272727272727	0.045454545454545456	0.04772727272727273	
0.052924791086350974	0.04456824512534819	0.05988857938718663	0.40807799442896936	0.19080779944289694	0.027855153203342618	0.054317548746518104	0.033426183844011144	0.0584958217270195	0.06963788300835655	
0.09722222222222222	0.08333333333333333	0.08333333333333333	0.2222222222222222	0.1111111111111111	0.09722222222222222	0.08333333333333333	0.06944444444444445	0.08333333333333333	0.06944444444444445	
0.08857509627727857	0.05006418485237484	0.10397946084724005	0.5442875481386393	0.03979460847240052	0.038510911424903725	0.028241335044929396	0.01797175866495507	0.051347881899871634	0.037227214377406934	
0.045081967213114756	0.06967213114754098	0.040983606557377046	0.5245901639344263	0.06557377049180328	0.045081967213114756	0.028688524590163935	0.040983606557377046	0.07377049180327869	0.06557377049180328	
0.08992805755395683	0.03597122302158273	0.06474820143884892	0.5251798561151079	0.039568345323741004	0.06115107913669065	0.046762589928057555	0.03597122302158273	0.05755395683453238	0.04316546762589928	
0.052083333333333336	0.0625	0.13541666666666666	0.2604166666666667	0.1875	0.041666666666666664	0.057291666666666664	0.041666666666666664	0.0625	0.09895833333333333	
0.06741573033707865	0.06741573033707865	0.06741573033707865	0.3258426966292135	0.11235955056179775	0.06741573033707865	0.0898876404494382	0.06741573033707865	0.07865168539325842	0.056179775280898875	
0.05454545454545454	0.07272727272727272	0.08181818181818182	0.4954545454545455	0.06363636363636363	0.05909090909090909	0.02727272727272727	0.02727272727272727	0.04090909090909091	0.07727272727272727	
0.11486486486486487	0.05405405405405406	0.05630630630630631	0.5472972972972973	0.04279279279279279	0.03153153153153153	0.02252252252252252	0.02927927927927928	0.06756756756756757	0.033783783783783786	
0.13768115942028986	0.1111111111111111	0.036231884057971016	0.39855072463768115	0.07729468599033816	0.050724637681159424	0.021739130434782608	0.04106280193236715	0.07729468599033816	0.04830917874396135	
0.046125461254612546	0.06457564575645756	0.05904059040590406	0.5701107011070111	0.09040590405904059	0.023985239852398525	0.03505535055350553	0.012915129151291513	0.04981549815498155	0.04797047970479705	
0.1308411214953271	0.056074766355140186	0.07476635514018691	0.3177570093457944	0.06542056074766354	0.056074766355140186	0.09345794392523364	0.06542056074766354	0.08411214953271028	0.056074766355140186	
0.13714285714285715	0.06857142857142857	0.06285714285714286	0.3142857142857143	0.10285714285714286	0.04	0.08571428571428572	0.03428571428571429	0.10857142857142857	0.045714285714285714	
0.18072289156626506	0.06987951807228916	0.12289156626506025	0.16626506024096385	0.10361445783132531	0.10602409638554217	0.05301204819277108	0.03132530120481928	0.0963855421686747	0.06987951807228916	
0.29366602687140114	0.05182341650671785	0.19769673704414586	0.0671785028790787	0.05566218809980806	0.14395393474088292	0.04990403071017274	0.013435700575815739	0.07869481765834933	0.04798464491362764	
0.13983050847457626	0.04025423728813559	0.5741525423728814	0.04025423728813559	0.0211864406779661	0.0211864406779661	0.036016949152542374	0.019067796610169493	0.0614406779661017	0.046610169491525424	
0.07930607187112763	0.03593556381660471	0.5340768277571252	0.061957868649318466	0.06815365551425032	0.01734820322180917	0.021065675340768277	0.023543990086741014	0.0644361833952912	0.09417596034696406	
0.012367491166077738	0.03356890459363958	0.5954063604240283	0.02120141342756184	0.022968197879858657	0.04240282685512368	0.0176678445229682	0.012367491166077738	0.07773851590106007	0.16431095406360424	
0.051418439716312055	0.04964539007092199	0.28900709219858156	0.04964539007092199	0.028368794326241134	0.044326241134751775	0.2375886524822695	0.03723404255319149	0.0549645390070922	0.15780141843971632	
0.2761904761904762	0.04285714285714286	0.18095238095238095	0.1	0.0380952380952381	0.14761904761904762	0.04285714285714286	0.03333333333333333	0.08095238095238096	0.05714285714285714	
0.07971014492753623	0.03140096618357488	0.20772946859903382	0.06763285024154589	0.03864734299516908	0.06038647342995169	0.4444444444444444	0.033816425120772944	0.012077294685990338	0.024154589371980676	
0.09523809523809523	0.0582010582010582	0.19576719576719576	0.042328042328042326	0.1111111111111111	0.07407407407407407	0.1111111111111111	0.031746031746031744	0.21164021164021163	0.06878306878306878	
0.03862660944206009	0.11587982832618025	0.1072961373390558	0.1459227467811159	0.06866952789699571	0.23605150214592274	0.04291845493562232	0.03862660944206009	0.05150214592274678	0.15450643776824036	
0.06666666666666667	0.0962962962962963	0.0962962962962963	0.14074074074074075	0.044444444444444446	0.11851851851851852	0.037037037037037035	0.11851851851851852	0.07407407407407407	0.2074074074074074	
0.049079754601226995	0.08588957055214724	0.1165644171779141	0.0736196319018405	0.0736196319018405	0.1901840490797546	0.06134969325153374	0.03067484662576687	0.04294478527607362	0.27607361963190186	
0.09859154929577464	0.07042253521126761	0.1267605633802817	0.07042253521126761	0.07042253521126761	0.08450704225352113	0.08450704225352113	0.07042253521126761	0.11267605633802817	0.2112676056338028	
0.04149377593360996	0.04979253112033195	0.16597510373443983	0.05394190871369295	0.07883817427385892	0.2697095435684647	0.029045643153526972	0.024896265560165973	0.024896265560165973	0.26141078838174275	
0.054945054945054944	0.06043956043956044	0.2032967032967033	0.054945054945054944	0.03296703296703297	0.11538461538461539	0.027472527472527472	0.027472527472527472	0.03296703296703297	0.3901098901098901	
0.024752475247524754	0.039603960396039604	0.0594059405940594	0.034653465346534656	0.0297029702970297	0.2722772277227723	0.039603960396039604	0.06930693069306931	0.054455445544554455	0.37623762376237624	
0.030864197530864196	0.08024691358024691	0.16666666666666666	0.09876543209876543	0.06790123456790123	0.16666666666666666	0.06172839506172839	0.05555555555555555	0.043209876543209874	0.22839506172839505	
0.020958083832335328	0.038922155688622756	0.08083832335329341	0.03293413173652695	0.12874251497005987	0.2245508982035928	0.029940119760479042	0.029940119760479042	0.05089820359281437	0.36227544910179643	
0.07936507936507936	0.09523809523809523	0.09523809523809523	0.1111111111111111	0.07936507936507936	0.15873015873015872	0.07936507936507936	0.09523809523809523	0.09523809523809523	0.1111111111111111	
0.040229885057471264	0.08045977011494253	0.13793103448275862	0.21264367816091953	0.06321839080459771	0.13218390804597702	0.1206896551724138	0.028735632183908046	0.05172413793103448	0.13218390804597702	
0.0873015873015873	0.07142857142857142	0.1349206349206349	0.07142857142857142	0.05555555555555555	0.20634920634920634	0.07142857142857142	0.047619047619047616	0.11904761904761904	0.1349206349206349	
0.061855670103092786	0.02577319587628866	0.20103092783505155	0.10309278350515463	0.05154639175257732	0.07216494845360824	0.15979381443298968	0.03608247422680412	0.08247422680412371	0.20618556701030927	
0.10232558139534884	0.07906976744186046	0.13953488372093023	0.12093023255813953	0.03255813953488372	0.15348837209302327	0.13023255813953488	0.037209302325581395	0.07441860465116279	0.13023255813953488	
0.10303030303030303	0.05454545454545454	0.10303030303030303	0.05454545454545454	0.048484848484848485	0.10303030303030303	0.32727272727272727	0.03636363636363636	0.07272727272727272	0.09696969696969697	
0.04790419161676647	0.041916167664670656	0.23353293413173654	0.0718562874251497	0.05389221556886228	0.30538922155688625	0.10778443113772455	0.041916167664670656	0.03592814371257485	0.059880239520958084	
0.03954802259887006	0.03954802259887006	0.1694915254237288	0.06779661016949153	0.03389830508474576	0.20903954802259886	0.02824858757062147	0.03389830508474576	0.1977401129943503	0.1807909604519774	
0.08974358974358974	0.0641025641025641	0.11538461538461539	0.11538461538461539	0.0641025641025641	0.20512820512820512	0.07692307692307693	0.08974358974358974	0.08974358974358974	0.08974358974358974	
0.05058365758754864	0.042801556420233464	0.19844357976653695	0.06614785992217899	0.05058365758754864	0.24124513618677043	0.03501945525291829	0.0311284046692607	0.08560311284046693	0.19844357976653695	
0.064	0.048	0.232	0.088	0.048	0.256	0.072	0.08	0.056	0.056	
