0.08196721311475409	0.09836065573770492	0.09836065573770492	0.16393442622950818	0.08196721311475409	0.09836065573770492	0.09836065573770492	0.08196721311475409	0.09836065573770492	0.09836065573770492	
0.09963768115942029	0.016304347826086956	0.09692028985507246	0.5443840579710145	0.035326086956521736	0.02355072463768116	0.022644927536231884	0.028985507246376812	0.09329710144927536	0.03894927536231884	
0.038834951456310676	0.038834951456310676	0.09385113268608414	0.41423948220064727	0.0744336569579288	0.02912621359223301	0.04854368932038835	0.042071197411003236	0.13268608414239483	0.08737864077669903	
0.09302325581395349	0.11627906976744186	0.05813953488372093	0.23255813953488372	0.12790697674418605	0.06976744186046512	0.06976744186046512	0.05813953488372093	0.06976744186046512	0.10465116279069768	
0.08	0.13	0.14	0.19	0.08	0.05	0.07	0.06	0.15	0.05	
0.08532423208191127	0.04436860068259386	0.10921501706484642	0.4061433447098976	0.11262798634812286	0.023890784982935155	0.05802047781569966	0.034129692832764506	0.06825938566552901	0.05802047781569966	
0.10545454545454545	0.11636363636363636	0.09454545454545454	0.4109090909090909	0.07636363636363637	0.02909090909090909	0.03272727272727273	0.03636363636363636	0.03272727272727273	0.06545454545454546	
0.0603448275862069	0.2025862068965517	0.09051724137931035	0.31896551724137934	0.05603448275862069	0.02586206896551724	0.06896551724137931	0.03017241379310345	0.0603448275862069	0.08620689655172414	
0.09712230215827339	0.10071942446043165	0.17625899280575538	0.26258992805755393	0.1366906474820144	0.046762589928057555	0.03237410071942446	0.0539568345323741	0.039568345323741004	0.0539568345323741	
0.1510791366906475	0.04136690647482014	0.03776978417266187	0.44064748201438847	0.03237410071942446	0.014388489208633094	0.0341726618705036	0.03597122302158273	0.08093525179856115	0.13129496402877697	
0.05291005291005291	0.10052910052910052	0.06349206349206349	0.3544973544973545	0.05291005291005291	0.037037037037037035	0.05291005291005291	0.05291005291005291	0.13756613756613756	0.09523809523809523	
0.088	0.08	0.112	0.248	0.048	0.088	0.04	0.064	0.128	0.104	
0.04242424242424243	0.06060606060606061	0.06363636363636363	0.3333333333333333	0.1	0.02727272727272727	0.030303030303030304	0.05454545454545454	0.2515151515151515	0.03636363636363636	
0.08560311284046693	0.0311284046692607	0.10116731517509728	0.45136186770428016	0.0311284046692607	0.0311284046692607	0.042801556420233464	0.03501945525291829	0.14396887159533073	0.04669260700389105	
0.05244755244755245	0.024475524475524476	0.05244755244755245	0.39335664335664333	0.07342657342657342	0.03146853146853147	0.02097902097902098	0.038461538461538464	0.2465034965034965	0.06643356643356643	
0.09302325581395349	0.10077519379844961	0.06976744186046512	0.24031007751937986	0.13178294573643412	0.046511627906976744	0.06201550387596899	0.09302325581395349	0.06201550387596899	0.10077519379844961	
0.07717041800643087	0.0707395498392283	0.02572347266881029	0.24115755627009647	0.12540192926045016	0.04501607717041801	0.02572347266881029	0.06109324758842444	0.03536977491961415	0.29260450160771706	
0.06382978723404255	0.0425531914893617	0.05851063829787234	0.2127659574468085	0.2553191489361702	0.11702127659574468	0.05319148936170213	0.05319148936170213	0.05319148936170213	0.09042553191489362	
0.09453781512605042	0.037815126050420166	0.13655462184873948	0.2773109243697479	0.04936974789915966	0.031512605042016806	0.04096638655462185	0.03571428571428571	0.23214285714285715	0.06407563025210083	
0.3169230769230769	0.046153846153846156	0.13230769230769232	0.18769230769230769	0.055384615384615386	0.11384615384615385	0.052307692307692305	0.03076923076923077	0.033846153846153845	0.03076923076923077	
0.08333333333333333	0.07916666666666666	0.09583333333333334	0.3875	0.09166666666666666	0.0625	0.06666666666666667	0.041666666666666664	0.06666666666666667	0.025	
0.07894736842105263	0.041353383458646614	0.045112781954887216	0.24436090225563908	0.06015037593984962	0.03383458646616541	0.041353383458646614	0.05263157894736842	0.22556390977443608	0.17669172932330826	
0.10818713450292397	0.04093567251461988	0.04678362573099415	0.3508771929824561	0.05555555555555555	0.05263157894736842	0.02631578947368421	0.017543859649122806	0.15497076023391812	0.14619883040935672	
0.06925207756232687	0.013850415512465374	0.04155124653739612	0.2548476454293629	0.09695290858725762	0.024930747922437674	0.036011080332409975	0.0443213296398892	0.05263157894736842	0.3656509695290859	
0.08687258687258688	0.05405405405405406	0.02895752895752896	0.18725868725868725	0.06756756756756757	0.03088803088803089	0.019305019305019305	0.06563706563706563	0.03088803088803089	0.42857142857142855	
0.10138248847926268	0.059907834101382486	0.027649769585253458	0.37327188940092165	0.09216589861751152	0.041474654377880185	0.041474654377880185	0.041474654377880185	0.03686635944700461	0.18433179723502305	
0.09547738693467336	0.09547738693467336	0.06030150753768844	0.24120603015075376	0.1407035175879397	0.06030150753768844	0.02512562814070352	0.05527638190954774	0.10552763819095477	0.12060301507537688	
0.034129692832764506	0.05460750853242321	0.05460750853242321	0.40273037542662116	0.03754266211604096	0.034129692832764506	0.04778156996587031	0.03754266211604096	0.2354948805460751	0.06143344709897611	
0.0457516339869281	0.058823529411764705	0.09803921568627451	0.17647058823529413	0.08496732026143791	0.0718954248366013	0.058823529411764705	0.06535947712418301	0.20915032679738563	0.13071895424836602	
0.0945945945945946	0.09234234234234234	0.015765765765765764	0.20945945945945946	0.07207207207207207	0.02252252252252252	0.013513513513513514	0.033783783783783786	0.02927927927927928	0.4166666666666667	
0.13610586011342155	0.04914933837429111	0.022684310018903593	0.332703213610586	0.03780718336483932	0.020793950850661626	0.022684310018903593	0.020793950850661626	0.07750472589792061	0.27977315689981097	
0.07758620689655173	0.06896551724137931	0.05172413793103448	0.12931034482758622	0.0603448275862069	0.09482758620689655	0.07758620689655173	0.07758620689655173	0.1206896551724138	0.2413793103448276	
0.09375	0.08333333333333333	0.09375	0.19791666666666666	0.0625	0.07291666666666667	0.052083333333333336	0.052083333333333336	0.11458333333333333	0.17708333333333334	
0.07371794871794872	0.0641025641025641	0.03205128205128205	0.2467948717948718	0.08012820512820513	0.04487179487179487	0.060897435897435896	0.038461538461538464	0.05448717948717949	0.30448717948717946	
0.13725490196078433	0.07352941176470588	0.058823529411764705	0.2107843137254902	0.058823529411764705	0.06862745098039216	0.06862745098039216	0.0392156862745098	0.0392156862745098	0.24509803921568626	
0.13297872340425532	0.0425531914893617	0.0797872340425532	0.3670212765957447	0.047872340425531915	0.06382978723404255	0.06382978723404255	0.05319148936170213	0.05851063829787234	0.09042553191489362	
0.1387900355871886	0.03558718861209965	0.03558718861209965	0.42704626334519574	0.046263345195729534	0.05338078291814947	0.03558718861209965	0.02491103202846975	0.042704626334519574	0.1601423487544484	
0.12297734627831715	0.045307443365695796	0.038834951456310676	0.39158576051779936	0.08090614886731391	0.032362459546925564	0.05825242718446602	0.0744336569579288	0.03559870550161812	0.11974110032362459	
0.14847161572052403	0.10043668122270742	0.05240174672489083	0.29694323144104806	0.0611353711790393	0.034934497816593885	0.07860262008733625	0.056768558951965066	0.043668122270742356	0.12663755458515283	
0.16745283018867924	0.0330188679245283	0.10141509433962265	0.31839622641509435	0.04481132075471698	0.04245283018867924	0.0589622641509434	0.05660377358490566	0.02830188679245283	0.14858490566037735	
0.08139534883720931	0.06976744186046512	0.06395348837209303	0.3430232558139535	0.06395348837209303	0.05232558139534884	0.0755813953488372	0.046511627906976744	0.046511627906976744	0.1569767441860465	
0.06620209059233449	0.13240418118466898	0.024390243902439025	0.2682926829268293	0.06620209059233449	0.07665505226480836	0.08710801393728224	0.027874564459930314	0.07317073170731707	0.17770034843205576	
0.35714285714285715	0.07142857142857142	0.030952380952380953	0.23095238095238096	0.07857142857142857	0.02619047619047619	0.06666666666666667	0.016666666666666666	0.03333333333333333	0.0880952380952381	
0.25934065934065936	0.1010989010989011	0.02197802197802198	0.2813186813186813	0.07912087912087912	0.03076923076923077	0.01098901098901099	0.04835164835164835	0.015384615384615385	0.15164835164835164	
0.3002070393374741	0.10973084886128365	0.031055900621118012	0.2981366459627329	0.09523809523809523	0.022774327122153208	0.016563146997929608	0.028985507246376812	0.018633540372670808	0.07867494824016563	
0.2423076923076923	0.24615384615384617	0.03076923076923077	0.23461538461538461	0.07692307692307693	0.04230769230769231	0.03076923076923077	0.019230769230769232	0.03076923076923077	0.046153846153846156	
0.35650224215246634	0.19955156950672645	0.02466367713004484	0.17488789237668162	0.05605381165919283	0.02466367713004484	0.03811659192825112	0.017937219730941704	0.04484304932735426	0.06278026905829596	
0.0700280112044818	0.17647058823529413	0.028011204481792718	0.3081232492997199	0.06162464985994398	0.04201680672268908	0.022408963585434174	0.09243697478991597	0.12605042016806722	0.07282913165266107	
0.26229508196721313	0.18032786885245902	0.03278688524590164	0.1912568306010929	0.04371584699453552	0.03825136612021858	0.03825136612021858	0.11475409836065574	0.03825136612021858	0.060109289617486336	
0.2099009900990099	0.31287128712871287	0.019801980198019802	0.1782178217821782	0.027722772277227723	0.04554455445544554	0.05148514851485148	0.04554455445544554	0.02178217821782178	0.08712871287128712	
0.18840579710144928	0.2391304347826087	0.050724637681159424	0.08695652173913043	0.09420289855072464	0.08695652173913043	0.057971014492753624	0.057971014492753624	0.07971014492753623	0.057971014492753624	
0.11290322580645161	0.22580645161290322	0.04032258064516129	0.20161290322580644	0.07258064516129033	0.04838709677419355	0.04838709677419355	0.12903225806451613	0.04032258064516129	0.08064516129032258	
0.2150170648464164	0.21160409556313994	0.023890784982935155	0.3651877133105802	0.040955631399317405	0.03754266211604096	0.017064846416382253	0.040955631399317405	0.017064846416382253	0.030716723549488054	
0.11392405063291139	0.11392405063291139	0.08860759493670886	0.12658227848101267	0.0759493670886076	0.0759493670886076	0.0759493670886076	0.16455696202531644	0.06329113924050633	0.10126582278481013	
0.15350877192982457	0.35964912280701755	0.07894736842105263	0.10526315789473684	0.04824561403508772	0.05263157894736842	0.06140350877192982	0.05263157894736842	0.02631578947368421	0.06140350877192982	
0.20379965457685664	0.3126079447322971	0.027633851468048358	0.1070811744386874	0.039723661485319514	0.03281519861830743	0.03626943005181347	0.022452504317789293	0.018998272884283247	0.19861830742659758	
0.05750798722044728	0.04792332268370607	0.04472843450479233	0.36421725239616615	0.07348242811501597	0.03514376996805112	0.08626198083067092	0.025559105431309903	0.0926517571884984	0.17252396166134185	
0.125	0.059027777777777776	0.09027777777777778	0.2951388888888889	0.10069444444444445	0.1423611111111111	0.024305555555555556	0.03125	0.08333333333333333	0.04861111111111111	
0.25461254612546125	0.03136531365313653	0.11254612546125461	0.3062730627306273	0.05166051660516605	0.10516605166051661	0.04059040590405904	0.025830258302583026	0.04059040590405904	0.03136531365313653	
0.09749303621169916	0.0584958217270195	0.18384401114206128	0.2116991643454039	0.06963788300835655	0.08356545961002786	0.07242339832869081	0.06685236768802229	0.10584958217270195	0.05013927576601671	
0.17261904761904762	0.19642857142857142	0.05357142857142857	0.1746031746031746	0.05952380952380952	0.13293650793650794	0.021825396825396824	0.10317460317460317	0.05357142857142857	0.031746031746031744	
0.18243243243243243	0.18243243243243243	0.0945945945945946	0.16216216216216217	0.0945945945945946	0.08108108108108109	0.0472972972972973	0.04054054054054054	0.0472972972972973	0.06756756756756757	
0.12745098039215685	0.09803921568627451	0.08823529411764706	0.10784313725490197	0.10784313725490197	0.1568627450980392	0.058823529411764705	0.049019607843137254	0.12745098039215685	0.0784313725490196	
0.1111111111111111	0.09722222222222222	0.1388888888888889	0.125	0.08333333333333333	0.1388888888888889	0.08333333333333333	0.08333333333333333	0.06944444444444445	0.06944444444444445	
0.17365269461077845	0.038922155688622756	0.11676646706586827	0.31736526946107785	0.0688622754491018	0.08982035928143713	0.029940119760479042	0.03592814371257485	0.10479041916167664	0.023952095808383235	
0.0896551724137931	0.05172413793103448	0.1	0.2103448275862069	0.08275862068965517	0.30689655172413793	0.04827586206896552	0.03103448275862069	0.05862068965517241	0.020689655172413793	
0.2196969696969697	0.04734848484848485	0.0625	0.23484848484848486	0.043560606060606064	0.19128787878787878	0.08143939393939394	0.017045454545454544	0.06060606060606061	0.041666666666666664	
0.49683544303797467	0.03481012658227848	0.028481012658227847	0.13291139240506328	0.06329113924050633	0.07911392405063292	0.060126582278481014	0.05063291139240506	0.03481012658227848	0.0189873417721519	
0.5384615384615384	0.14446529080675422	0.043151969981238276	0.07317073170731707	0.0375234521575985	0.03564727954971857	0.0225140712945591	0.0600375234521576	0.02626641651031895	0.01876172607879925	
0.47333333333333333	0.08	0.03333333333333333	0.06666666666666667	0.04666666666666667	0.04666666666666667	0.06	0.05333333333333334	0.05333333333333334	0.08666666666666667	
0.38734177215189874	0.10632911392405063	0.0379746835443038	0.15949367088607594	0.05822784810126582	0.04810126582278481	0.02531645569620253	0.053164556962025315	0.060759493670886074	0.06329113924050633	
0.50293542074364	0.1095890410958904	0.0410958904109589	0.07827788649706457	0.023483365949119372	0.11154598825831702	0.033268101761252444	0.04892367906066536	0.033268101761252444	0.01761252446183953	
0.16058394160583941	0.10462287104622871	0.0267639902676399	0.2141119221411192	0.09732360097323602	0.15571776155717762	0.05596107055961071	0.06569343065693431	0.0851581508515815	0.0340632603406326	
0.5357142857142857	0.046992481203007516	0.046992481203007516	0.08270676691729323	0.043233082706766915	0.06766917293233082	0.016917293233082706	0.04887218045112782	0.06390977443609022	0.046992481203007516	
0.11538461538461539	0.09615384615384616	0.057692307692307696	0.2564102564102564	0.0641025641025641	0.20512820512820512	0.038461538461538464	0.07692307692307693	0.04487179487179487	0.04487179487179487	
0.12025316455696203	0.12025316455696203	0.056962025316455694	0.17721518987341772	0.0949367088607595	0.17721518987341772	0.06329113924050633	0.056962025316455694	0.0379746835443038	0.0949367088607595	
0.2391304347826087	0.10869565217391304	0.07391304347826087	0.0782608695652174	0.11304347826086956	0.13043478260869565	0.043478260869565216	0.05217391304347826	0.06521739130434782	0.09565217391304348	
0.06372549019607843	0.12990196078431374	0.15441176470588236	0.20588235294117646	0.09068627450980392	0.07352941176470588	0.08823529411764706	0.029411764705882353	0.11029411764705882	0.05392156862745098	
0.18518518518518517	0.11728395061728394	0.04938271604938271	0.1111111111111111	0.14814814814814814	0.17901234567901234	0.037037037037037035	0.06790123456790123	0.06790123456790123	0.037037037037037035	
0.21100917431192662	0.0963302752293578	0.14220183486238533	0.12844036697247707	0.0871559633027523	0.17889908256880735	0.04128440366972477	0.027522935779816515	0.05963302752293578	0.027522935779816515	
0.12	0.08	0.09333333333333334	0.18666666666666668	0.09333333333333334	0.08	0.09333333333333334	0.08	0.08	0.09333333333333334	
0.34591194968553457	0.08490566037735849	0.025157232704402517	0.04716981132075472	0.02830188679245283	0.0220125786163522	0.02830188679245283	0.05345911949685535	0.0440251572327044	0.32075471698113206	
0.11170212765957446	0.05851063829787234	0.03723404255319149	0.26063829787234044	0.05851063829787234	0.05851063829787234	0.031914893617021274	0.031914893617021274	0.09574468085106383	0.2553191489361702	
0.13291139240506328	0.12025316455696203	0.05063291139240506	0.25949367088607594	0.06962025316455696	0.06329113924050633	0.0379746835443038	0.13924050632911392	0.06962025316455696	0.056962025316455694	
0.12749003984063745	0.1553784860557769	0.027888446215139442	0.2589641434262948	0.06374501992031872	0.035856573705179286	0.0398406374501992	0.1394422310756972	0.03187250996015936	0.11952191235059761	
0.20270270270270271	0.23648648648648649	0.04054054054054054	0.0945945945945946	0.08783783783783784	0.08108108108108109	0.060810810810810814	0.0945945945945946	0.0472972972972973	0.05405405405405406	
0.16	0.08	0.032	0.192	0.06	0.028	0.04	0.276	0.04	0.092	
0.09467455621301775	0.07100591715976332	0.04142011834319527	0.23668639053254437	0.08284023668639054	0.10650887573964497	0.13609467455621302	0.15976331360946747	0.029585798816568046	0.04142011834319527	
0.0625	0.0859375	0.0546875	0.2578125	0.078125	0.046875	0.0859375	0.21875	0.0546875	0.0546875	
0.08484848484848485	0.08484848484848485	0.04242424242424243	0.2	0.12727272727272726	0.05454545454545454	0.08484848484848485	0.18181818181818182	0.04242424242424243	0.09696969696969697	
0.05194805194805195	0.11688311688311688	0.032467532467532464	0.2532467532467532	0.06818181818181818	0.09090909090909091	0.19155844155844157	0.09090909090909091	0.05194805194805195	0.05194805194805195	
0.2863070539419087	0.14730290456431536	0.03319502074688797	0.11410788381742738	0.022821576763485476	0.0975103734439834	0.04149377593360996	0.14315352697095435	0.0954356846473029	0.01867219917012448	
0.1297709923664122	0.07633587786259542	0.06870229007633588	0.21755725190839695	0.14122137404580154	0.1450381679389313	0.026717557251908396	0.08778625954198473	0.05343511450381679	0.05343511450381679	
0.1503267973856209	0.0392156862745098	0.058823529411764705	0.1503267973856209	0.0718954248366013	0.08496732026143791	0.10457516339869281	0.1895424836601307	0.0718954248366013	0.0784313725490196	
0.08620689655172414	0.15517241379310345	0.08620689655172414	0.08620689655172414	0.08620689655172414	0.08620689655172414	0.13793103448275862	0.10344827586206896	0.08620689655172414	0.08620689655172414	
0.30434782608695654	0.13043478260869565	0.057971014492753624	0.10144927536231885	0.036231884057971016	0.07246376811594203	0.043478260869565216	0.15217391304347827	0.050724637681159424	0.050724637681159424	
0.13440860215053763	0.0913978494623656	0.051075268817204304	0.10483870967741936	0.03763440860215054	0.06182795698924731	0.08064516129032258	0.3279569892473118	0.0456989247311828	0.06451612903225806	
0.18421052631578946	0.10526315789473684	0.06578947368421052	0.2565789473684211	0.06578947368421052	0.06578947368421052	0.13815789473684212	0.039473684210526314	0.046052631578947366	0.03289473684210526	
0.41198501872659177	0.12734082397003746	0.0599250936329588	0.09363295880149813	0.052434456928838954	0.07116104868913857	0.033707865168539325	0.0599250936329588	0.0449438202247191	0.0449438202247191	
0.205607476635514	0.11214953271028037	0.056074766355140186	0.16822429906542055	0.09345794392523364	0.08411214953271028	0.06542056074766354	0.08411214953271028	0.06542056074766354	0.06542056074766354	
0.42857142857142855	0.08270676691729323	0.06015037593984962	0.05263157894736842	0.06766917293233082	0.06015037593984962	0.05263157894736842	0.08270676691729323	0.06015037593984962	0.05263157894736842	
0.4857142857142857	0.07857142857142857	0.02619047619047619	0.12857142857142856	0.03333333333333333	0.03333333333333333	0.04523809523809524	0.09047619047619047	0.02857142857142857	0.05	
0.4065040650406504	0.13821138211382114	0.024390243902439025	0.07723577235772358	0.04065040650406504	0.04878048780487805	0.052845528455284556	0.10569105691056911	0.08536585365853659	0.02032520325203252	
0.33974358974358976	0.0641025641025641	0.0641025641025641	0.16025641025641027	0.0641025641025641	0.07692307692307693	0.04487179487179487	0.0641025641025641	0.07051282051282051	0.05128205128205128	
0.19324577861163228	0.25328330206378985	0.04878048780487805	0.17636022514071295	0.05065666041275797	0.0300187617260788	0.15572232645403378	0.03564727954971857	0.03377110694183865	0.0225140712945591	
0.03598484848484849	0.03787878787878788	0.0625	0.5075757575757576	0.12121212121212122	0.041666666666666664	0.04734848484848485	0.026515151515151516	0.07765151515151515	0.041666666666666664	
0.04927536231884058	0.020289855072463767	0.08695652173913043	0.5159420289855072	0.0463768115942029	0.043478260869565216	0.03188405797101449	0.03768115942028986	0.11304347826086956	0.05507246376811594	
0.0988235294117647	0.058823529411764705	0.05411764705882353	0.4447058823529412	0.042352941176470586	0.04941176470588235	0.04941176470588235	0.07764705882352942	0.09411764705882353	0.03058823529411765	
0.08579881656804733	0.029585798816568046	0.06804733727810651	0.4467455621301775	0.05325443786982249	0.023668639053254437	0.029585798816568046	0.0621301775147929	0.1242603550295858	0.07692307692307693	
0.14782608695652175	0.013043478260869565	0.021739130434782608	0.5804347826086956	0.04782608695652174	0.02608695652173913	0.010869565217391304	0.05	0.04565217391304348	0.05652173913043478	
0.112565445026178	0.028795811518324606	0.08638743455497382	0.5235602094240838	0.028795811518324606	0.04712041884816754	0.031413612565445025	0.034031413612565446	0.05759162303664921	0.049738219895287955	
0.17092651757188498	0.07507987220447285	0.2939297124600639	0.17891373801916932	0.04792332268370607	0.03354632587859425	0.04952076677316294	0.08945686900958466	0.038338658146964855	0.022364217252396165	
0.05405405405405406	0.04054054054054054	0.07207207207207207	0.30180180180180183	0.07207207207207207	0.036036036036036036	0.1036036036036036	0.05405405405405406	0.17117117117117117	0.0945945945945946	
0.04205607476635514	0.037383177570093455	0.06542056074766354	0.3644859813084112	0.08411214953271028	0.028037383177570093	0.028037383177570093	0.04672897196261682	0.22429906542056074	0.0794392523364486	
0.09812108559498957	0.09394572025052192	0.05010438413361169	0.3883089770354906	0.07306889352818371	0.03966597077244259	0.06680584551148225	0.060542797494780795	0.054279749478079335	0.07515657620041753	
0.06190476190476191	0.09047619047619047	0.05714285714285714	0.36666666666666664	0.0761904761904762	0.04285714285714286	0.05238095238095238	0.04285714285714286	0.13333333333333333	0.0761904761904762	
0.12111801242236025	0.06055900621118013	0.052795031055900624	0.42701863354037267	0.059006211180124224	0.021739130434782608	0.06987577639751552	0.040372670807453416	0.08074534161490683	0.06677018633540373	
0.08588957055214724	0.06748466257668712	0.08588957055214724	0.3803680981595092	0.15950920245398773	0.04294478527607362	0.04294478527607362	0.03680981595092025	0.049079754601226995	0.049079754601226995	
0.06179775280898876	0.08426966292134831	0.05056179775280899	0.3595505617977528	0.11797752808988764	0.03932584269662921	0.0449438202247191	0.07865168539325842	0.0898876404494382	0.07303370786516854	
0.09411764705882353	0.058823529411764705	0.06274509803921569	0.30980392156862746	0.1607843137254902	0.043137254901960784	0.07058823529411765	0.06274509803921569	0.09411764705882353	0.043137254901960784	
0.06278026905829596	0.016442451420029897	0.04185351270553064	0.4828101644245142	0.12556053811659193	0.017937219730941704	0.07324364723467862	0.043348281016442454	0.08370702541106129	0.052316890881913304	
0.03	0.02	0.0475	0.4125	0.11	0.05	0.0375	0.05	0.18	0.0625	
0.0449438202247191	0.028089887640449437	0.05056179775280899	0.5056179775280899	0.056179775280898875	0.0449438202247191	0.06179775280898876	0.0449438202247191	0.12359550561797752	0.03932584269662921	
0.08167330677290836	0.043824701195219126	0.02390438247011952	0.2250996015936255	0.043824701195219126	0.029880478087649404	0.398406374501992	0.03386454183266932	0.06374501992031872	0.055776892430278883	
0.052083333333333336	0.03125	0.027777777777777776	0.4965277777777778	0.04861111111111111	0.0763888888888889	0.0763888888888889	0.041666666666666664	0.1111111111111111	0.03819444444444445	
0.06097560975609756	0.07317073170731707	0.07317073170731707	0.18292682926829268	0.14634146341463414	0.07317073170731707	0.08536585365853659	0.08536585365853659	0.0975609756097561	0.12195121951219512	
0.24858757062146894	0.05084745762711865	0.06779661016949153	0.24293785310734464	0.11864406779661017	0.04519774011299435	0.0903954802259887	0.03389830508474576	0.06779661016949153	0.03389830508474576	
0.1111111111111111	0.18768768768768768	0.09534534534534535	0.32507507507507505	0.1066066066066066	0.05405405405405406	0.027777777777777776	0.03753753753753754	0.023273273273273273	0.03153153153153153	
0.07692307692307693	0.03767660910518053	0.03610675039246468	0.5572998430141287	0.08791208791208792	0.03767660910518053	0.023547880690737835	0.05023547880690738	0.05023547880690738	0.0423861852433281	
0.05319148936170213	0.06914893617021277	0.13829787234042554	0.19148936170212766	0.0797872340425532	0.047872340425531915	0.06914893617021277	0.09574468085106383	0.22340425531914893	0.031914893617021274	
0.03829160530191458	0.045655375552282766	0.0780559646539028	0.3946980854197349	0.09867452135493372	0.025036818851251842	0.045655375552282766	0.07216494845360824	0.12665684830633284	0.07511045655375552	
0.0871559633027523	0.027522935779816515	0.027522935779816515	0.5389908256880734	0.09174311926605505	0.03669724770642202	0.07568807339449542	0.027522935779816515	0.05963302752293578	0.027522935779816515	
0.04051172707889126	0.046908315565031986	0.029850746268656716	0.43283582089552236	0.1023454157782516	0.04904051172707889	0.05543710021321962	0.053304904051172705	0.10021321961620469	0.08955223880597014	
0.06948640483383686	0.04229607250755287	0.09365558912386707	0.42900302114803623	0.09063444108761329	0.06042296072507553	0.03625377643504532	0.03323262839879154	0.09969788519637462	0.045317220543806644	
0.05172413793103448	0.03694581280788178	0.07142857142857142	0.39408866995073893	0.14532019704433496	0.059113300492610835	0.04187192118226601	0.046798029556650245	0.07881773399014778	0.07389162561576355	
0.04712041884816754	0.031413612565445025	0.03664921465968586	0.29842931937172773	0.14659685863874344	0.09947643979057591	0.07853403141361257	0.1099476439790576	0.10471204188481675	0.04712041884816754	
0.1787709497206704	0.12290502793296089	0.0782122905027933	0.12849162011173185	0.11173184357541899	0.05027932960893855	0.03910614525139665	0.18994413407821228	0.03910614525139665	0.061452513966480445	
0.12526096033402923	0.027139874739039668	0.09394572025052192	0.21294363256784968	0.06471816283924843	0.10855949895615867	0.037578288100208766	0.24217118997912318	0.05010438413361169	0.037578288100208766	
0.11811023622047244	0.06299212598425197	0.07086614173228346	0.23622047244094488	0.07086614173228346	0.07874015748031496	0.09448818897637795	0.11023622047244094	0.07086614173228346	0.08661417322834646	
0.2226027397260274	0.0547945205479452	0.0273972602739726	0.273972602739726	0.046232876712328765	0.04452054794520548	0.053082191780821915	0.2089041095890411	0.03767123287671233	0.030821917808219176	
0.04132231404958678	0.14049586776859505	0.03305785123966942	0.16942148760330578	0.028925619834710745	0.06611570247933884	0.16115702479338842	0.23553719008264462	0.045454545454545456	0.07851239669421488	
0.1235632183908046	0.20114942528735633	0.04310344827586207	0.16954022988505746	0.05747126436781609	0.08620689655172414	0.07758620689655173	0.16091954022988506	0.031609195402298854	0.04885057471264368	
0.13274336283185842	0.1415929203539823	0.04424778761061947	0.1504424778761062	0.07964601769911504	0.07079646017699115	0.07079646017699115	0.20353982300884957	0.05309734513274336	0.05309734513274336	
0.1306122448979592	0.05714285714285714	0.0653061224489796	0.22448979591836735	0.13877551020408163	0.1510204081632653	0.053061224489795916	0.08979591836734693	0.04897959183673469	0.04081632653061224	
0.2288329519450801	0.018306636155606407	0.038901601830663615	0.13043478260869565	0.041189931350114416	0.029748283752860413	0.13272311212814644	0.3157894736842105	0.020594965675057208	0.043478260869565216	
0.21621621621621623	0.06306306306306306	0.04054054054054054	0.20270270270270271	0.04504504504504504	0.04504504504504504	0.13063063063063063	0.17117117117117117	0.02252252252252252	0.06306306306306306	
0.23972602739726026	0.0684931506849315	0.0410958904109589	0.15753424657534246	0.0684931506849315	0.0684931506849315	0.08904109589041095	0.17123287671232876	0.0410958904109589	0.0547945205479452	
0.24257425742574257	0.06435643564356436	0.06435643564356436	0.16336633663366337	0.034653465346534656	0.04950495049504951	0.1485148514851485	0.13861386138613863	0.034653465346534656	0.0594059405940594	
0.07058823529411765	0.1411764705882353	0.058823529411764705	0.11764705882352941	0.058823529411764705	0.07058823529411765	0.10588235294117647	0.2	0.09411764705882353	0.08235294117647059	
0.15422885572139303	0.1791044776119403	0.03482587064676617	0.06965174129353234	0.04975124378109453	0.0945273631840796	0.05970149253731343	0.1890547263681592	0.06965174129353234	0.09950248756218906	
0.12608695652173912	0.10434782608695652	0.043478260869565216	0.11739130434782609	0.0782608695652174	0.06086956521739131	0.12608695652173912	0.2565217391304348	0.043478260869565216	0.043478260869565216	
0.08994708994708994	0.09788359788359788	0.06349206349206349	0.20105820105820105	0.164021164021164	0.1931216931216931	0.06349206349206349	0.05555555555555555	0.03439153439153439	0.037037037037037035	
0.1	0.08333333333333333	0.03888888888888889	0.25555555555555554	0.06666666666666667	0.03333333333333333	0.13333333333333333	0.17777777777777778	0.05555555555555555	0.05555555555555555	
0.07281553398058252	0.06310679611650485	0.26941747572815533	0.24029126213592233	0.10679611650485436	0.050970873786407765	0.0412621359223301	0.038834951456310676	0.0970873786407767	0.019417475728155338	
0.23658051689860835	0.0536779324055666	0.3121272365805169	0.0536779324055666	0.05168986083499006	0.07554671968190854	0.015904572564612324	0.0437375745526839	0.041749502982107355	0.11530815109343936	
0.09498680738786279	0.13720316622691292	0.17678100263852242	0.2612137203166227	0.05013192612137203	0.044854881266490766	0.023746701846965697	0.05804749340369393	0.09498680738786279	0.05804749340369393	
0.045454545454545456	0.045454545454545456	0.08333333333333333	0.2878787878787879	0.06060606060606061	0.12878787878787878	0.05303030303030303	0.11363636363636363	0.13636363636363635	0.045454545454545456	
0.06282722513089005	0.06282722513089005	0.06282722513089005	0.28272251308900526	0.14136125654450263	0.12041884816753927	0.031413612565445025	0.13089005235602094	0.07329842931937172	0.031413612565445025	
0.07262569832402235	0.0893854748603352	0.0782122905027933	0.33519553072625696	0.08379888268156424	0.13966480446927373	0.03910614525139665	0.05027932960893855	0.0670391061452514	0.0446927374301676	
0.03875968992248062	0.04263565891472868	0.046511627906976744	0.4573643410852713	0.06201550387596899	0.05426356589147287	0.06201550387596899	0.08139534883720931	0.09689922480620156	0.05813953488372093	
0.06493506493506493	0.06493506493506493	0.07792207792207792	0.18181818181818182	0.1038961038961039	0.07792207792207792	0.11688311688311688	0.06493506493506493	0.11688311688311688	0.12987012987012986	
0.1331923890063425	0.1014799154334038	0.2135306553911205	0.2832980972515856	0.02748414376321353	0.03805496828752643	0.05496828752642706	0.016913319238900635	0.09302325581395349	0.03805496828752643	
0.0582010582010582	0.023809523809523808	0.24735449735449735	0.4246031746031746	0.03571428571428571	0.037037037037037035	0.022486772486772486	0.01984126984126984	0.07804232804232804	0.05291005291005291	
0.06666666666666667	0.06666666666666667	0.08	0.26666666666666666	0.09333333333333334	0.08	0.06666666666666667	0.10666666666666667	0.09333333333333334	0.08	
0.06577344701583435	0.01705237515225335	0.05237515225334957	0.561510353227771	0.040194884287454324	0.020706455542021926	0.03288672350791717	0.0194884287454324	0.13276492082825822	0.057247259439707675	
0.11538461538461539	0.038461538461538464	0.05	0.47307692307692306	0.057692307692307696	0.06153846153846154	0.03076923076923077	0.05384615384615385	0.09615384615384616	0.023076923076923078	
0.04529616724738676	0.03484320557491289	0.0627177700348432	0.5365853658536586	0.03484320557491289	0.03832752613240418	0.04878048780487805	0.03832752613240418	0.10104529616724739	0.059233449477351915	
0.1306532663316583	0.06532663316582915	0.16080402010050251	0.2663316582914573	0.07537688442211055	0.04522613065326633	0.035175879396984924	0.04020100502512563	0.07537688442211055	0.10552763819095477	
0.05434782608695652	0.09782608695652174	0.07608695652173914	0.29347826086956524	0.05434782608695652	0.08695652173913043	0.09782608695652174	0.07608695652173914	0.05434782608695652	0.10869565217391304	
0.12280701754385964	0.02631578947368421	0.06140350877192982	0.5263157894736842	0.07894736842105263	0.03070175438596491	0.039473684210526314	0.03508771929824561	0.03508771929824561	0.043859649122807015	
0.0405982905982906	0.038461538461538464	0.06196581196581197	0.5448717948717948	0.05982905982905983	0.042735042735042736	0.029914529914529916	0.019230769230769232	0.1111111111111111	0.05128205128205128	
0.08045977011494253	0.034482758620689655	0.06436781609195402	0.33793103448275863	0.12413793103448276	0.022988505747126436	0.04827586206896552	0.04367816091954023	0.19080459770114944	0.052873563218390804	
0.05338078291814947	0.030249110320284697	0.08540925266903915	0.5551601423487544	0.05693950177935943	0.021352313167259787	0.026690391459074734	0.06227758007117438	0.07295373665480427	0.03558718861209965	
0.10091743119266056	0.05504587155963303	0.07339449541284404	0.30275229357798167	0.07339449541284404	0.08256880733944955	0.08256880733944955	0.05504587155963303	0.09174311926605505	0.08256880733944955	
0.09239130434782608	0.059782608695652176	0.10326086956521739	0.28804347826086957	0.05434782608695652	0.04891304347826087	0.05434782608695652	0.03260869565217391	0.15760869565217392	0.10869565217391304	
0.04338394793926247	0.13665943600867678	0.12364425162689804	0.10629067245119306	0.05422993492407809	0.06073752711496746	0.04772234273318872	0.0911062906724512	0.2646420824295011	0.07158351409978309	
0.044481054365733116	0.11037891268533773	0.05601317957166392	0.057660626029654036	0.029654036243822075	0.026359143327841845	0.09225700164744646	0.07907742998352553	0.4332784184514003	0.07084019769357495	
0.10578842315369262	0.17764471057884232	0.01996007984031936	0.0499001996007984	0.043912175648702596	0.011976047904191617	0.011976047904191617	0.05788423153692615	0.43313373253493015	0.08782435129740519	
0.08844339622641509	0.25825471698113206	0.05070754716981132	0.09551886792452831	0.04481132075471698	0.0330188679245283	0.025943396226415096	0.03419811320754717	0.294811320754717	0.07429245283018868	
0.1016949152542373	0.40847457627118644	0.022033898305084745	0.06271186440677966	0.023728813559322035	0.022033898305084745	0.01864406779661017	0.059322033898305086	0.11864406779661017	0.16271186440677965	
0.15268456375838926	0.1342281879194631	0.030201342281879196	0.04865771812080537	0.030201342281879196	0.21308724832214765	0.06879194630872483	0.04194630872483222	0.2231543624161074	0.05704697986577181	
0.09956709956709957	0.08658008658008658	0.06060606060606061	0.09090909090909091	0.03896103896103896	0.03896103896103896	0.07792207792207792	0.0735930735930736	0.33766233766233766	0.09523809523809523	
0.034934497816593885	0.12445414847161572	0.03711790393013101	0.056768558951965066	0.05021834061135371	0.056768558951965066	0.44759825327510916	0.03711790393013101	0.12882096069868995	0.026200873362445413	
0.06153846153846154	0.1641025641025641	0.07179487179487179	0.1076923076923077	0.046153846153846156	0.10256410256410256	0.05128205128205128	0.13333333333333333	0.09743589743589744	0.1641025641025641	
0.2222222222222222	0.17777777777777778	0.022222222222222223	0.07037037037037037	0.09259259259259259	0.05555555555555555	0.25555555555555554	0.040740740740740744	0.040740740740740744	0.022222222222222223	
0.2945205479452055	0.06164383561643835	0.0547945205479452	0.11643835616438356	0.0684931506849315	0.03424657534246575	0.15753424657534246	0.0958904109589041	0.04794520547945205	0.0684931506849315	
0.37142857142857144	0.07428571428571429	0.06857142857142857	0.06857142857142857	0.08	0.06285714285714286	0.08571428571428572	0.08	0.06285714285714286	0.045714285714285714	
0.25675675675675674	0.13513513513513514	0.06756756756756757	0.06756756756756757	0.06756756756756757	0.08108108108108109	0.0945945945945946	0.06756756756756757	0.0945945945945946	0.06756756756756757	
0.32196969696969696	0.20454545454545456	0.05303030303030303	0.06439393939393939	0.026515151515151516	0.06439393939393939	0.10984848484848485	0.11363636363636363	0.01893939393939394	0.022727272727272728	
0.3602150537634409	0.27419354838709675	0.026881720430107527	0.03225806451612903	0.053763440860215055	0.03763440860215054	0.03763440860215054	0.06451612903225806	0.03763440860215054	0.07526881720430108	
0.39436619718309857	0.10328638497652583	0.04225352112676056	0.03286384976525822	0.03755868544600939	0.03286384976525822	0.15023474178403756	0.10328638497652583	0.028169014084507043	0.07511737089201878	
0.21893491124260356	0.23076923076923078	0.05917159763313609	0.11834319526627218	0.03550295857988166	0.10059171597633136	0.10650887573964497	0.047337278106508875	0.047337278106508875	0.03550295857988166	
0.36797752808988765	0.09831460674157304	0.06741573033707865	0.033707865168539325	0.07584269662921349	0.12640449438202248	0.10955056179775281	0.06741573033707865	0.019662921348314606	0.033707865168539325	
0.09090909090909091	0.12121212121212122	0.07575757575757576	0.07575757575757576	0.07575757575757576	0.07575757575757576	0.22727272727272727	0.09090909090909091	0.09090909090909091	0.07575757575757576	
0.09950248756218906	0.21393034825870647	0.04477611940298507	0.12935323383084577	0.0945273631840796	0.07960199004975124	0.14925373134328357	0.07960199004975124	0.04477611940298507	0.06467661691542288	
0.25	0.13636363636363635	0.06818181818181818	0.05303030303030303	0.05303030303030303	0.05303030303030303	0.12878787878787878	0.09848484848484848	0.09848484848484848	0.06060606060606061	
0.07142857142857142	0.319047619047619	0.06190476190476191	0.12380952380952381	0.04285714285714286	0.08095238095238096	0.12857142857142856	0.05238095238095238	0.08571428571428572	0.03333333333333333	
0.08438818565400844	0.21940928270042195	0.05063291139240506	0.10126582278481013	0.06329113924050633	0.05485232067510549	0.23628691983122363	0.046413502109704644	0.0759493670886076	0.06751054852320675	
0.07142857142857142	0.08791208791208792	0.054945054945054944	0.054945054945054944	0.06043956043956044	0.038461538461538464	0.4340659340659341	0.04945054945054945	0.0989010989010989	0.04945054945054945	
0.05154639175257732	0.2422680412371134	0.04639175257731959	0.04639175257731959	0.07731958762886598	0.07216494845360824	0.29381443298969073	0.05670103092783505	0.05670103092783505	0.05670103092783505	
0.11224489795918367	0.1377551020408163	0.030612244897959183	0.08673469387755102	0.061224489795918366	0.030612244897959183	0.22959183673469388	0.05612244897959184	0.03571428571428571	0.2193877551020408	
0.08139534883720931	0.06976744186046512	0.05813953488372093	0.08139534883720931	0.05813953488372093	0.05813953488372093	0.2441860465116279	0.11627906976744186	0.09302325581395349	0.13953488372093023	
0.2589928057553957	0.08992805755395683	0.04316546762589928	0.06115107913669065	0.03597122302158273	0.025179856115107913	0.18345323741007194	0.09712230215827339	0.03597122302158273	0.16906474820143885	
