0.08196721311475409	0.08196721311475409	0.18032786885245902	0.09836065573770492	0.11475409836065574	0.09836065573770492	0.09836065573770492	0.08196721311475409	0.08196721311475409	0.08196721311475409	
0.042572463768115944	0.044384057971014496	0.4936594202898551	0.12409420289855072	0.05253623188405797	0.07155797101449275	0.025362318840579712	0.06884057971014493	0.02355072463768116	0.05344202898550725	
0.03559870550161812	0.042071197411003236	0.4627831715210356	0.08090614886731391	0.09061488673139159	0.09385113268608414	0.02912621359223301	0.06472491909385113	0.04854368932038835	0.05177993527508091	
0.10465116279069768	0.09302325581395349	0.18604651162790697	0.12790697674418605	0.12790697674418605	0.09302325581395349	0.05813953488372093	0.06976744186046512	0.05813953488372093	0.08139534883720931	
0.06	0.09	0.19	0.12	0.06	0.08	0.07	0.15	0.06	0.12	
0.05802047781569966	0.034129692832764506	0.28668941979522183	0.16382252559726962	0.17064846416382254	0.10921501706484642	0.04778156996587031	0.04778156996587031	0.051194539249146756	0.030716723549488054	
0.07272727272727272	0.06909090909090909	0.22545454545454546	0.27636363636363637	0.07272727272727272	0.08363636363636363	0.06545454545454546	0.03636363636363636	0.04363636363636364	0.05454545454545454	
0.0603448275862069	0.07327586206896551	0.16379310344827586	0.2801724137931034	0.09482758620689655	0.04310344827586207	0.09051724137931035	0.05603448275862069	0.05172413793103448	0.08620689655172414	
0.050359712230215826	0.039568345323741004	0.16906474820143885	0.19784172661870503	0.10431654676258993	0.15827338129496402	0.050359712230215826	0.05755395683453238	0.03237410071942446	0.14028776978417265	
0.02697841726618705	0.12589928057553956	0.3830935251798561	0.22122302158273383	0.046762589928057555	0.04316546762589928	0.03237410071942446	0.07194244604316546	0.030575539568345324	0.017985611510791366	
0.037037037037037035	0.05291005291005291	0.32275132275132273	0.1111111111111111	0.08994708994708994	0.08465608465608465	0.047619047619047616	0.15343915343915343	0.037037037037037035	0.06349206349206349	
0.048	0.08	0.208	0.176	0.048	0.152	0.088	0.08	0.048	0.072	
0.05454545454545454	0.03939393939393939	0.41818181818181815	0.06060606060606061	0.11212121212121212	0.024242424242424242	0.06060606060606061	0.1303030303030303	0.02727272727272727	0.07272727272727272	
0.0311284046692607	0.058365758754863814	0.35797665369649806	0.1867704280155642	0.04669260700389105	0.07392996108949416	0.0622568093385214	0.10505836575875487	0.038910505836575876	0.038910505836575876	
0.043706293706293704	0.06993006993006994	0.33916083916083917	0.10839160839160839	0.0979020979020979	0.027972027972027972	0.027972027972027972	0.229020979020979	0.03671328671328671	0.019230769230769232	
0.16279069767441862	0.06201550387596899	0.1937984496124031	0.17054263565891473	0.16279069767441862	0.05426356589147287	0.05426356589147287	0.046511627906976744	0.03875968992248062	0.05426356589147287	
0.04501607717041801	0.2765273311897106	0.08681672025723473	0.22508038585209003	0.13504823151125403	0.022508038585209004	0.08038585209003216	0.06430868167202572	0.03536977491961415	0.028938906752411574	
0.0425531914893617	0.11170212765957446	0.21808510638297873	0.0797872340425532	0.2074468085106383	0.07446808510638298	0.06914893617021277	0.03723404255319149	0.0851063829787234	0.07446808510638298	
0.018907563025210083	0.07563025210084033	0.34663865546218486	0.07983193277310924	0.10189075630252101	0.09243697478991597	0.051470588235294115	0.12815126050420167	0.03466386554621849	0.0703781512605042	
0.07076923076923076	0.027692307692307693	0.1753846153846154	0.25846153846153846	0.046153846153846156	0.11692307692307692	0.024615384615384615	0.033846153846153845	0.033846153846153845	0.2123076923076923	
0.03333333333333333	0.0375	0.35833333333333334	0.1	0.1125	0.06666666666666667	0.075	0.0625	0.029166666666666667	0.125	
0.03383458646616541	0.17293233082706766	0.24436090225563908	0.08646616541353383	0.07894736842105263	0.03383458646616541	0.06390977443609022	0.20676691729323307	0.03759398496240601	0.041353383458646614	
0.04093567251461988	0.15204678362573099	0.20760233918128654	0.21637426900584794	0.0935672514619883	0.049707602339181284	0.038011695906432746	0.15497076023391812	0.023391812865497075	0.023391812865497075	
0.038781163434903045	0.3296398891966759	0.13573407202216067	0.18559556786703602	0.07202216066481995	0.04709141274238227	0.05263157894736842	0.08310249307479224	0.036011080332409975	0.019390581717451522	
0.05019305019305019	0.40733590733590735	0.08687258687258688	0.17374517374517376	0.07915057915057915	0.03088803088803089	0.04633204633204633	0.0444015444015444	0.05791505791505792	0.023166023166023165	
0.055299539170506916	0.10599078341013825	0.18433179723502305	0.2488479262672811	0.1336405529953917	0.03686635944700461	0.07373271889400922	0.04608294930875576	0.08294930875576037	0.03225806451612903	
0.04522613065326633	0.11557788944723618	0.21608040201005024	0.17587939698492464	0.10050251256281408	0.09547738693467336	0.05025125628140704	0.08542713567839195	0.02512562814070352	0.09045226130653267	
0.034129692832764506	0.04436860068259386	0.3651877133105802	0.10921501706484642	0.08532423208191127	0.051194539249146756	0.03754266211604096	0.15017064846416384	0.08532423208191127	0.03754266211604096	
0.0392156862745098	0.0915032679738562	0.19607843137254902	0.05228758169934641	0.1111111111111111	0.1111111111111111	0.06535947712418301	0.16993464052287582	0.1111111111111111	0.05228758169934641	
0.04954954954954955	0.36486486486486486	0.05630630630630631	0.3333333333333333	0.05855855855855856	0.03153153153153153	0.02927927927927928	0.038288288288288286	0.015765765765765764	0.02252252252252252	
0.03213610586011342	0.22684310018903592	0.2003780718336484	0.28166351606805295	0.07372400756143667	0.022684310018903593	0.026465028355387523	0.0888468809073724	0.01890359168241966	0.02835538752362949	
0.04310344827586207	0.25	0.11206896551724138	0.06896551724137931	0.07758620689655173	0.07758620689655173	0.05172413793103448	0.10344827586206896	0.15517241379310345	0.0603448275862069	
0.10416666666666667	0.15625	0.22916666666666666	0.11458333333333333	0.0625	0.052083333333333336	0.07291666666666667	0.0625	0.08333333333333333	0.0625	
0.041666666666666664	0.28525641025641024	0.23397435897435898	0.15384615384615385	0.07051282051282051	0.05128205128205128	0.05128205128205128	0.04487179487179487	0.04807692307692308	0.019230769230769232	
0.049019607843137254	0.15196078431372548	0.09803921568627451	0.3872549019607843	0.06372549019607843	0.03431372549019608	0.06372549019607843	0.0392156862745098	0.04411764705882353	0.06862745098039216	
0.0425531914893617	0.09574468085106383	0.2765957446808511	0.13829787234042554	0.0797872340425532	0.03723404255319149	0.06914893617021277	0.03723404255319149	0.18617021276595744	0.03723404255319149	
0.03202846975088968	0.14590747330960854	0.3416370106761566	0.19572953736654805	0.03202846975088968	0.0711743772241993	0.07829181494661921	0.03558718861209965	0.021352313167259787	0.046263345195729534	
0.07119741100323625	0.10355987055016182	0.3333333333333333	0.18770226537216828	0.06796116504854369	0.045307443365695796	0.06796116504854369	0.02912621359223301	0.06796116504854369	0.025889967637540454	
0.048034934497816595	0.11353711790393013	0.2096069868995633	0.22270742358078602	0.05240174672489083	0.034934497816593885	0.13100436681222707	0.039301310043668124	0.11790393013100436	0.03056768558951965	
0.04716981132075472	0.1721698113207547	0.20754716981132076	0.2641509433962264	0.02830188679245283	0.10141509433962265	0.08018867924528301	0.02830188679245283	0.04245283018867924	0.02830188679245283	
0.029069767441860465	0.11627906976744186	0.18023255813953487	0.2616279069767442	0.06976744186046512	0.05232558139534884	0.06395348837209303	0.0872093023255814	0.10465116279069768	0.03488372093023256	
0.020905923344947737	0.10452961672473868	0.17421602787456447	0.24390243902439024	0.12195121951219512	0.059233449477351915	0.11498257839721254	0.06968641114982578	0.03832752613240418	0.05226480836236934	
0.047619047619047616	0.047619047619047616	0.08571428571428572	0.5333333333333333	0.0880952380952381	0.04047619047619048	0.08095238095238096	0.023809523809523808	0.023809523809523808	0.02857142857142857	
0.07692307692307693	0.14725274725274726	0.10989010989010989	0.4593406593406593	0.054945054945054944	0.026373626373626374	0.035164835164835165	0.02857142857142857	0.03296703296703297	0.02857142857142857	
0.07039337474120083	0.07246376811594203	0.11594202898550725	0.474120082815735	0.12422360248447205	0.026915113871635612	0.026915113871635612	0.024844720496894408	0.020703933747412008	0.043478260869565216	
0.15	0.038461538461538464	0.13846153846153847	0.38846153846153847	0.06923076923076923	0.03461538461538462	0.04230769230769231	0.03076923076923077	0.023076923076923078	0.08461538461538462	
0.1210762331838565	0.03811659192825112	0.04035874439461883	0.5739910313901345	0.07399103139013453	0.020179372197309416	0.02242152466367713	0.020179372197309416	0.0515695067264574	0.03811659192825112	
0.24929971988795518	0.0700280112044818	0.24089635854341737	0.13445378151260504	0.10364145658263306	0.03081232492997199	0.0392156862745098	0.036414565826330535	0.04481792717086835	0.05042016806722689	
0.23497267759562843	0.060109289617486336	0.060109289617486336	0.366120218579235	0.060109289617486336	0.0273224043715847	0.04371584699453552	0.06557377049180328	0.03278688524590164	0.04918032786885246	
0.24554455445544554	0.061386138613861385	0.0891089108910891	0.3485148514851485	0.031683168316831684	0.019801980198019802	0.06732673267326733	0.013861386138613862	0.04950495049504951	0.07326732673267326	
0.18840579710144928	0.043478260869565216	0.07971014492753623	0.2246376811594203	0.13043478260869565	0.07246376811594203	0.06521739130434782	0.06521739130434782	0.09420289855072464	0.036231884057971016	
0.20161290322580644	0.10483870967741936	0.0967741935483871	0.20967741935483872	0.06451612903225806	0.056451612903225805	0.04032258064516129	0.056451612903225805	0.056451612903225805	0.11290322580645161	
0.13651877133105803	0.04436860068259386	0.10921501706484642	0.41638225255972694	0.051194539249146756	0.027303754266211604	0.06825938566552901	0.030716723549488054	0.030716723549488054	0.08532423208191127	
0.22784810126582278	0.10126582278481013	0.10126582278481013	0.11392405063291139	0.0759493670886076	0.06329113924050633	0.10126582278481013	0.06329113924050633	0.0759493670886076	0.0759493670886076	
0.2807017543859649	0.08771929824561403	0.05263157894736842	0.21052631578947367	0.06578947368421052	0.07017543859649122	0.03070175438596491	0.039473684210526314	0.07456140350877193	0.08771929824561403	
0.30397236614853196	0.17789291882556132	0.0535405872193437	0.27461139896373055	0.02072538860103627	0.039723661485319514	0.010362694300518135	0.03626943005181347	0.027633851468048358	0.055267702936096716	
0.04153354632587859	0.16293929712460065	0.3194888178913738	0.14057507987220447	0.051118210862619806	0.04792332268370607	0.025559105431309903	0.08306709265175719	0.09904153354632587	0.02875399361022364	
0.03819444444444445	0.034722222222222224	0.2777777777777778	0.1388888888888889	0.0763888888888889	0.07291666666666667	0.052083333333333336	0.08333333333333333	0.024305555555555556	0.2013888888888889	
0.025830258302583026	0.02214022140221402	0.24538745387453875	0.23431734317343172	0.023985239852398525	0.0940959409594096	0.04059040590405904	0.04797047970479705	0.042435424354243544	0.22324723247232472	
0.04456824512534819	0.027855153203342618	0.2618384401114206	0.15041782729805014	0.07520891364902507	0.11977715877437325	0.06128133704735376	0.08635097493036212	0.06128133704735376	0.11142061281337047	
0.13095238095238096	0.041666666666666664	0.10317460317460317	0.21825396825396826	0.051587301587301584	0.03571428571428571	0.061507936507936505	0.03968253968253968	0.03373015873015873	0.2837301587301587	
0.12162162162162163	0.05405405405405406	0.08108108108108109	0.22297297297297297	0.10135135135135136	0.06756756756756757	0.05405405405405406	0.0472972972972973	0.08108108108108109	0.16891891891891891	
0.09803921568627451	0.08823529411764706	0.12745098039215685	0.09803921568627451	0.0784313725490196	0.06862745098039216	0.049019607843137254	0.08823529411764706	0.058823529411764705	0.24509803921568626	
0.06944444444444445	0.06944444444444445	0.1111111111111111	0.08333333333333333	0.125	0.1111111111111111	0.1111111111111111	0.06944444444444445	0.08333333333333333	0.16666666666666666	
0.03293413173652695	0.029940119760479042	0.27245508982035926	0.15269461077844312	0.08383233532934131	0.10179640718562874	0.05089820359281437	0.041916167664670656	0.02694610778443114	0.20658682634730538	
0.034482758620689655	0.027586206896551724	0.20344827586206896	0.10344827586206896	0.07586206896551724	0.05862068965517241	0.034482758620689655	0.041379310344827586	0.027586206896551724	0.3931034482758621	
0.03598484848484849	0.01893939393939394	0.16287878787878787	0.2196969696969697	0.06060606060606061	0.04924242424242424	0.045454545454545456	0.03787878787878788	0.10037878787878787	0.2689393939393939	
0.04430379746835443	0.028481012658227847	0.07278481012658228	0.5	0.04113924050632911	0.03481012658227848	0.04746835443037975	0.03164556962025317	0.04746835443037975	0.1518987341772152	
0.05628517823639775	0.03564727954971857	0.0300187617260788	0.5440900562851783	0.02626641651031895	0.020637898686679174	0.02626641651031895	0.020637898686679174	0.016885553470919325	0.22326454033771106	
0.06	0.06	0.03333333333333333	0.5133333333333333	0.05333333333333334	0.03333333333333333	0.04666666666666667	0.05333333333333334	0.03333333333333333	0.11333333333333333	
0.043037974683544304	0.035443037974683546	0.09873417721518987	0.43037974683544306	0.0810126582278481	0.017721518987341773	0.05063291139240506	0.04050632911392405	0.027848101265822784	0.17468354430379746	
0.0547945205479452	0.03522504892367906	0.046966731898238745	0.4520547945205479	0.025440313111545987	0.03718199608610567	0.05283757338551859	0.023483365949119372	0.033268101761252444	0.23874755381604695	
0.0364963503649635	0.0413625304136253	0.1873479318734793	0.18491484184914841	0.09732360097323602	0.0340632603406326	0.058394160583941604	0.051094890510948905	0.09002433090024331	0.21897810218978103	
0.05827067669172932	0.05451127819548872	0.05639097744360902	0.47368421052631576	0.02443609022556391	0.07330827067669173	0.09210526315789473	0.05263157894736842	0.009398496240601503	0.10526315789473684	
0.057692307692307696	0.07051282051282051	0.17307692307692307	0.11538461538461539	0.057692307692307696	0.04487179487179487	0.05128205128205128	0.05128205128205128	0.04487179487179487	0.3333333333333333	
0.08860759493670886	0.06962025316455696	0.10759493670886076	0.1518987341772152	0.0759493670886076	0.0379746835443038	0.056962025316455694	0.0379746835443038	0.08227848101265822	0.2911392405063291	
0.0782608695652174	0.09130434782608696	0.10434782608695652	0.1956521739130435	0.10869565217391304	0.06521739130434782	0.04782608695652174	0.021739130434782608	0.034782608695652174	0.25217391304347825	
0.04656862745098039	0.056372549019607844	0.16666666666666666	0.051470588235294115	0.09803921568627451	0.12009803921568628	0.056372549019607844	0.1568627450980392	0.0857843137254902	0.16176470588235295	
0.16049382716049382	0.06172839506172839	0.08641975308641975	0.1111111111111111	0.08641975308641975	0.037037037037037035	0.030864197530864196	0.07407407407407407	0.037037037037037035	0.3148148148148148	
0.03211009174311927	0.027522935779816515	0.0779816513761468	0.1834862385321101	0.08256880733944955	0.0963302752293578	0.03669724770642202	0.03669724770642202	0.027522935779816515	0.39908256880733944	
0.06666666666666667	0.06666666666666667	0.2	0.16	0.09333333333333334	0.08	0.06666666666666667	0.08	0.08	0.10666666666666667	
0.11635220125786164	0.279874213836478	0.050314465408805034	0.3270440251572327	0.025157232704402517	0.015723270440251572	0.06918238993710692	0.040880503144654086	0.02830188679245283	0.04716981132075472	
0.06382978723404255	0.18617021276595744	0.15425531914893617	0.25	0.06382978723404255	0.0425531914893617	0.06914893617021277	0.05851063829787234	0.06382978723404255	0.047872340425531915	
0.189873417721519	0.05063291139240506	0.15822784810126583	0.1518987341772152	0.06329113924050633	0.08227848101265822	0.10126582278481013	0.10759493670886076	0.03164556962025317	0.06329113924050633	
0.2549800796812749	0.06374501992031872	0.16733067729083664	0.22709163346613545	0.055776892430278883	0.043824701195219126	0.06772908366533864	0.043824701195219126	0.0398406374501992	0.035856573705179286	
0.2905405405405405	0.04054054054054054	0.10810810810810811	0.23648648648648649	0.0472972972972973	0.033783783783783786	0.07432432432432433	0.0472972972972973	0.05405405405405406	0.06756756756756757	
0.38	0.068	0.1	0.192	0.044	0.032	0.052	0.052	0.044	0.036	
0.16568047337278108	0.07100591715976332	0.16568047337278108	0.11242603550295859	0.07100591715976332	0.08284023668639054	0.07692307692307693	0.04142011834319527	0.14201183431952663	0.07100591715976332	
0.2421875	0.0546875	0.1953125	0.1171875	0.0625	0.046875	0.0703125	0.0703125	0.09375	0.046875	
0.18787878787878787	0.06666666666666667	0.15757575757575756	0.2	0.06060606060606061	0.04242424242424243	0.06060606060606061	0.05454545454545454	0.10303030303030303	0.06666666666666667	
0.16233766233766234	0.05194805194805195	0.19480519480519481	0.06818181818181818	0.06818181818181818	0.08116883116883117	0.1038961038961039	0.05844155844155844	0.1590909090909091	0.05194805194805195	
0.26348547717842324	0.01867219917012448	0.0975103734439834	0.24896265560165975	0.04564315352697095	0.02074688796680498	0.04564315352697095	0.08091286307053942	0.058091286307053944	0.12033195020746888	
0.12595419847328243	0.04580152671755725	0.13358778625954199	0.1717557251908397	0.06870229007633588	0.03816793893129771	0.061068702290076333	0.10687022900763359	0.030534351145038167	0.21755725190839695	
0.1437908496732026	0.0457516339869281	0.0915032679738562	0.1503267973856209	0.058823529411764705	0.05228758169934641	0.0718954248366013	0.08496732026143791	0.1895424836601307	0.1111111111111111	
0.1206896551724138	0.10344827586206896	0.10344827586206896	0.1206896551724138	0.08620689655172414	0.10344827586206896	0.08620689655172414	0.08620689655172414	0.10344827586206896	0.08620689655172414	
0.1956521739130435	0.036231884057971016	0.13043478260869565	0.30434782608695654	0.050724637681159424	0.050724637681159424	0.050724637681159424	0.036231884057971016	0.057971014492753624	0.08695652173913043	
0.3225806451612903	0.07795698924731183	0.07795698924731183	0.13440860215053763	0.04032258064516129	0.051075268817204304	0.07795698924731183	0.0456989247311828	0.12903225806451613	0.043010752688172046	
0.039473684210526314	0.03289473684210526	0.21710526315789475	0.21052631578947367	0.05263157894736842	0.07236842105263158	0.14473684210526316	0.046052631578947366	0.07894736842105263	0.10526315789473684	
0.0749063670411985	0.04119850187265917	0.052434456928838954	0.4232209737827715	0.02247191011235955	0.052434456928838954	0.09363295880149813	0.0449438202247191	0.033707865168539325	0.16104868913857678	
0.102803738317757	0.056074766355140186	0.11214953271028037	0.11214953271028037	0.102803738317757	0.04672897196261682	0.19626168224299065	0.07476635514018691	0.056074766355140186	0.14018691588785046	
0.045112781954887216	0.05263157894736842	0.03759398496240601	0.45864661654135336	0.06766917293233082	0.045112781954887216	0.11278195488721804	0.045112781954887216	0.05263157894736842	0.08270676691729323	
0.04285714285714286	0.06666666666666667	0.05238095238095238	0.5023809523809524	0.030952380952380953	0.02142857142857143	0.11190476190476191	0.05714285714285714	0.03333333333333333	0.08095238095238096	
0.15853658536585366	0.028455284552845527	0.032520325203252036	0.3943089430894309	0.06910569105691057	0.04065040650406504	0.11382113821138211	0.028455284552845527	0.032520325203252036	0.1016260162601626	
0.08333333333333333	0.08333333333333333	0.08333333333333333	0.30128205128205127	0.08974358974358974	0.08333333333333333	0.08974358974358974	0.07051282051282051	0.05128205128205128	0.0641025641025641	
0.10694183864915573	0.0375234521575985	0.07879924953095685	0.2589118198874296	0.06941838649155722	0.0225140712945591	0.21388367729831145	0.06191369606003752	0.075046904315197	0.075046904315197	
0.020833333333333332	0.026515151515151516	0.42992424242424243	0.14204545454545456	0.1268939393939394	0.030303030303030304	0.04734848484848485	0.10984848484848485	0.04734848484848485	0.01893939393939394	
0.03188405797101449	0.06666666666666667	0.42028985507246375	0.12753623188405797	0.043478260869565216	0.1072463768115942	0.0463768115942029	0.09855072463768116	0.03188405797101449	0.02608695652173913	
0.09176470588235294	0.03294117647058824	0.38588235294117645	0.15764705882352942	0.042352941176470586	0.06823529411764706	0.02588235294117647	0.03764705882352941	0.11058823529411765	0.047058823529411764	
0.04437869822485207	0.05621301775147929	0.5650887573964497	0.09763313609467456	0.038461538461538464	0.05621301775147929	0.023668639053254437	0.05029585798816568	0.03254437869822485	0.03550295857988166	
0.030434782608695653	0.03695652173913044	0.4891304347826087	0.2	0.034782608695652174	0.01956521739130435	0.08043478260869565	0.04782608695652174	0.01956521739130435	0.041304347826086954	
0.049738219895287955	0.049738219895287955	0.43455497382198954	0.16230366492146597	0.03664921465968586	0.06544502617801047	0.07068062827225131	0.06282722513089005	0.028795811518324606	0.03926701570680628	
0.13738019169329074	0.012779552715654952	0.18849840255591055	0.19808306709265175	0.036741214057507986	0.23003194888178913	0.04952076677316294	0.036741214057507986	0.06549520766773163	0.04472843450479233	
0.04054054054054054	0.07657657657657657	0.3963963963963964	0.07207207207207207	0.05855855855855856	0.08108108108108109	0.04504504504504504	0.13063063063063063	0.07657657657657657	0.02252252252252252	
0.06542056074766354	0.08411214953271028	0.43457943925233644	0.06542056074766354	0.037383177570093455	0.03271028037383177	0.06542056074766354	0.14953271028037382	0.03271028037383177	0.03271028037383177	
0.08977035490605428	0.054279749478079335	0.27348643006263046	0.15657620041753653	0.09812108559498957	0.03966597077244259	0.04592901878914405	0.1127348643006263	0.07306889352818371	0.05636743215031315	
0.05714285714285714	0.08571428571428572	0.37142857142857144	0.13333333333333333	0.047619047619047616	0.05714285714285714	0.047619047619047616	0.11904761904761904	0.04285714285714286	0.0380952380952381	
0.07763975155279502	0.07298136645962733	0.3307453416149068	0.10248447204968944	0.04192546583850932	0.04813664596273292	0.029503105590062112	0.14906832298136646	0.10248447204968944	0.04503105590062112	
0.03680981595092025	0.05521472392638037	0.3558282208588957	0.13496932515337423	0.0736196319018405	0.12883435582822086	0.03680981595092025	0.07975460122699386	0.04294478527607362	0.05521472392638037	
0.1348314606741573	0.0449438202247191	0.24719101123595505	0.11797752808988764	0.14606741573033707	0.05056179775280899	0.06179775280898876	0.12921348314606743	0.033707865168539325	0.033707865168539325	
0.09411764705882353	0.050980392156862744	0.2549019607843137	0.13333333333333333	0.13725490196078433	0.06666666666666667	0.0392156862745098	0.09411764705882353	0.09803921568627451	0.03137254901960784	
0.02391629297458894	0.05530642750373692	0.3781763826606876	0.11509715994020926	0.2077727952167414	0.028400597907324365	0.026905829596412557	0.08071748878923767	0.06726457399103139	0.016442451420029897	
0.04	0.04	0.4875	0.0775	0.085	0.07	0.0375	0.075	0.0575	0.03	
0.03932584269662921	0.033707865168539325	0.5561797752808989	0.10112359550561797	0.05056179775280899	0.05056179775280899	0.0449438202247191	0.03932584269662921	0.056179775280898875	0.028089887640449437	
0.025896414342629483	0.04183266932270916	0.14741035856573706	0.09561752988047809	0.07768924302788845	0.03187250996015936	0.08565737051792828	0.045816733067729085	0.4243027888446215	0.02390438247011952	
0.034722222222222224	0.052083333333333336	0.5069444444444444	0.0763888888888889	0.06597222222222222	0.04513888888888889	0.04861111111111111	0.027777777777777776	0.12152777777777778	0.020833333333333332	
0.07317073170731707	0.0975609756097561	0.1951219512195122	0.07317073170731707	0.13414634146341464	0.07317073170731707	0.10975609756097561	0.06097560975609756	0.08536585365853659	0.0975609756097561	
0.05649717514124294	0.05649717514124294	0.23728813559322035	0.2033898305084746	0.1016949152542373	0.05649717514124294	0.12429378531073447	0.05084745762711865	0.03954802259887006	0.07344632768361582	
0.11186186186186187	0.028528528528528527	0.14189189189189189	0.2484984984984985	0.08858858858858859	0.10735735735735735	0.10735735735735735	0.04354354354354354	0.02927927927927928	0.09309309309309309	
0.05023547880690738	0.03453689167974882	0.46938775510204084	0.07378335949764521	0.14599686028257458	0.058084772370486655	0.06907378335949764	0.03924646781789639	0.023547880690737835	0.03610675039246468	
0.07446808510638298	0.06914893617021277	0.2127659574468085	0.09042553191489362	0.05319148936170213	0.07446808510638298	0.05319148936170213	0.22340425531914893	0.11170212765957446	0.03723404255319149	
0.07511045655375552	0.08689248895434462	0.43593519882179677	0.047128129602356406	0.10603829160530191	0.033873343151693665	0.025036818851251842	0.1325478645066274	0.039764359351988215	0.017673048600883652	
0.02981651376146789	0.0389908256880734	0.555045871559633	0.11467889908256881	0.0481651376146789	0.0389908256880734	0.04357798165137615	0.05504587155963303	0.05045871559633028	0.02522935779816514	
0.053304904051172705	0.10660980810234541	0.4072494669509595	0.05543710021321962	0.11087420042643924	0.06823027718550106	0.07462686567164178	0.031982942430703626	0.03837953091684435	0.053304904051172705	
0.021148036253776436	0.06948640483383686	0.3776435045317221	0.1510574018126888	0.06042296072507553	0.06042296072507553	0.045317220543806644	0.10876132930513595	0.06646525679758308	0.03927492447129909	
0.034482758620689655	0.06403940886699508	0.3497536945812808	0.10098522167487685	0.15270935960591134	0.03940886699507389	0.08620689655172414	0.06896551724137931	0.046798029556650245	0.05665024630541872	
0.03664921465968586	0.03664921465968586	0.2879581151832461	0.05759162303664921	0.16753926701570682	0.03664921465968586	0.13612565445026178	0.08376963350785341	0.07329842931937172	0.08376963350785341	
0.055865921787709494	0.0335195530726257	0.09497206703910614	0.20670391061452514	0.1340782122905028	0.055865921787709494	0.18435754189944134	0.07262569832402235	0.0446927374301676	0.11731843575418995	
0.018789144050104383	0.03966597077244259	0.162839248434238	0.17118997912317327	0.12734864300626306	0.04801670146137787	0.2755741127348643	0.04384133611691023	0.025052192066805846	0.08768267223382047	
0.03937007874015748	0.06299212598425197	0.14960629921259844	0.1968503937007874	0.047244094488188976	0.06299212598425197	0.2440944881889764	0.047244094488188976	0.05511811023622047	0.09448818897637795	
0.09417808219178082	0.02910958904109589	0.11815068493150685	0.3424657534246575	0.07191780821917808	0.0273972602739726	0.2226027397260274	0.02910958904109589	0.04794520547945205	0.017123287671232876	
0.10743801652892562	0.06611570247933884	0.09090909090909091	0.08677685950413223	0.06198347107438017	0.04132231404958678	0.38016528925619836	0.04132231404958678	0.08677685950413223	0.0371900826446281	
0.16379310344827586	0.03735632183908046	0.10057471264367816	0.16379310344827586	0.02586206896551724	0.07183908045977011	0.21264367816091953	0.03735632183908046	0.05459770114942529	0.13218390804597702	
0.1415929203539823	0.04424778761061947	0.10619469026548672	0.17699115044247787	0.061946902654867256	0.05309734513274336	0.21238938053097345	0.04424778761061947	0.05309734513274336	0.10619469026548672	
0.04897959183673469	0.04081632653061224	0.17551020408163265	0.16326530612244897	0.05714285714285714	0.11836734693877551	0.14285714285714285	0.0326530612244898	0.0653061224489796	0.15510204081632653	
0.016018306636155607	0.043478260869565216	0.08466819221967964	0.22654462242562928	0.06407322654462243	0.011441647597254004	0.43249427917620137	0.038901601830663615	0.057208237986270026	0.02517162471395881	
0.04504504504504504	0.05405405405405406	0.06756756756756757	0.3153153153153153	0.04054054054054054	0.04504504504504504	0.2972972972972973	0.05405405405405406	0.05405405405405406	0.02702702702702703	
0.0821917808219178	0.0410958904109589	0.0821917808219178	0.273972602739726	0.0547945205479452	0.0410958904109589	0.273972602739726	0.0410958904109589	0.0547945205479452	0.0547945205479452	
0.0594059405940594	0.0297029702970297	0.04455445544554455	0.31683168316831684	0.024752475247524754	0.04455445544554455	0.31683168316831684	0.07425742574257425	0.054455445544554455	0.034653465346534656	
0.16470588235294117	0.08235294117647059	0.08235294117647059	0.1411764705882353	0.058823529411764705	0.07058823529411765	0.1411764705882353	0.07058823529411765	0.09411764705882353	0.09411764705882353	
0.14427860696517414	0.11442786069651742	0.07462686567164178	0.09950248756218906	0.05472636815920398	0.029850746268656716	0.26865671641791045	0.0945273631840796	0.06467661691542288	0.05472636815920398	
0.10434782608695652	0.043478260869565216	0.10434782608695652	0.1608695652173913	0.05217391304347826	0.07391304347826087	0.2608695652173913	0.06086956521739131	0.1	0.0391304347826087	
0.08994708994708994	0.021164021164021163	0.15873015873015872	0.12698412698412698	0.12169312169312169	0.07142857142857142	0.09788359788359788	0.037037037037037035	0.10846560846560846	0.16666666666666666	
0.1	0.05	0.23333333333333334	0.13333333333333333	0.044444444444444446	0.027777777777777776	0.17777777777777778	0.09444444444444444	0.10555555555555556	0.03333333333333333	
0.038834951456310676	0.03398058252427184	0.1941747572815534	0.10922330097087378	0.09223300970873786	0.2815533980582524	0.06067961165048544	0.07281553398058252	0.043689320388349516	0.07281553398058252	
0.039761431411530816	0.10536779324055666	0.03578528827037773	0.15904572564612326	0.08349900596421471	0.33001988071570576	0.055666003976143144	0.02982107355864811	0.015904572564612324	0.14512922465208747	
0.08970976253298153	0.05804749340369393	0.17941952506596306	0.15567282321899736	0.036939313984168866	0.23482849604221637	0.026385224274406333	0.0870712401055409	0.052770448548812667	0.079155672823219	
0.05303030303030303	0.06060606060606061	0.25757575757575757	0.08333333333333333	0.06060606060606061	0.13636363636363635	0.15151515151515152	0.07575757575757576	0.06060606060606061	0.06060606060606061	
0.07853403141361257	0.05235602094240838	0.2356020942408377	0.09424083769633508	0.11518324607329843	0.13089005235602094	0.1256544502617801	0.04712041884816754	0.041884816753926704	0.07853403141361257	
0.061452513966480445	0.0670391061452514	0.1787709497206704	0.1787709497206704	0.09497206703910614	0.061452513966480445	0.05027932960893855	0.07262569832402235	0.061452513966480445	0.17318435754189945	
0.06201550387596899	0.06201550387596899	0.3449612403100775	0.10077519379844961	0.05813953488372093	0.031007751937984496	0.13178294573643412	0.10465116279069768	0.06976744186046512	0.03488372093023256	
0.06493506493506493	0.07792207792207792	0.19480519480519481	0.14285714285714285	0.07792207792207792	0.07792207792207792	0.06493506493506493	0.1038961038961039	0.12987012987012986	0.06493506493506493	
0.03171247357293869	0.03805496828752643	0.3086680761099366	0.15644820295983086	0.023255813953488372	0.17970401691331925	0.016913319238900635	0.09936575052854123	0.046511627906976744	0.09936575052854123	
0.018518518518518517	0.041005291005291	0.3505291005291005	0.15608465608465608	0.04497354497354497	0.24735449735449735	0.022486772486772486	0.05952380952380952	0.04365079365079365	0.015873015873015872	
0.08	0.06666666666666667	0.2	0.12	0.08	0.12	0.06666666666666667	0.09333333333333334	0.10666666666666667	0.06666666666666667	
0.014616321559074299	0.06211936662606577	0.5225334957369062	0.11936662606577345	0.05237515225334957	0.04263093788063337	0.03532277710109622	0.09622411693057248	0.037758830694275276	0.01705237515225335	
0.04230769230769231	0.038461538461538464	0.45384615384615384	0.12692307692307692	0.038461538461538464	0.057692307692307696	0.06153846153846154	0.06153846153846154	0.03461538461538462	0.08461538461538462	
0.027874564459930314	0.05574912891986063	0.4529616724738676	0.11498257839721254	0.0313588850174216	0.059233449477351915	0.05574912891986063	0.0975609756097561	0.07317073170731707	0.0313588850174216	
0.04522613065326633	0.10050251256281408	0.22613065326633167	0.22110552763819097	0.06532663316582915	0.12060301507537688	0.02512562814070352	0.07035175879396985	0.04522613065326633	0.08040201005025126	
0.05434782608695652	0.06521739130434782	0.30434782608695654	0.06521739130434782	0.06521739130434782	0.10869565217391304	0.07608695652173914	0.09782608695652174	0.10869565217391304	0.05434782608695652	
0.039473684210526314	0.043859649122807015	0.4298245614035088	0.17105263157894737	0.12280701754385964	0.043859649122807015	0.03070175438596491	0.03508771929824561	0.03070175438596491	0.05263157894736842	
0.021367521367521368	0.042735042735042736	0.5769230769230769	0.08547008547008547	0.05128205128205128	0.0876068376068376	0.02564102564102564	0.057692307692307696	0.03205128205128205	0.019230769230769232	
0.04597701149425287	0.05057471264367816	0.4436781609195402	0.09195402298850575	0.09195402298850575	0.05057471264367816	0.05747126436781609	0.10344827586206896	0.03908045977011494	0.02528735632183908	
0.0498220640569395	0.026690391459074734	0.5711743772241993	0.0800711743772242	0.03914590747330961	0.07651245551601424	0.05871886120996441	0.051601423487544484	0.03202846975088968	0.014234875444839857	
0.06422018348623854	0.07339449541284404	0.3119266055045872	0.1559633027522936	0.05504587155963303	0.06422018348623854	0.05504587155963303	0.07339449541284404	0.06422018348623854	0.08256880733944955	
0.03804347826086957	0.08152173913043478	0.29891304347826086	0.14130434782608695	0.059782608695652176	0.10869565217391304	0.05434782608695652	0.09782608695652174	0.08152173913043478	0.03804347826086957	
0.06290672451193059	0.05856832971800434	0.2017353579175705	0.0455531453362256	0.09761388286334056	0.11496746203904555	0.07592190889370933	0.23427331887201736	0.02386117136659436	0.08459869848156182	
0.03789126853377265	0.06754530477759473	0.085667215815486	0.04612850082372323	0.044481054365733116	0.05271828665568369	0.08401976935749589	0.45634266886326197	0.016474464579901153	0.10873146622734761	
0.09580838323353294	0.10179640718562874	0.03592814371257485	0.10578842315369262	0.031936127744510975	0.013972055888223553	0.01996007984031936	0.530938123752495	0.013972055888223553	0.0499001996007984	
0.1875	0.06132075471698113	0.04363207547169811	0.09316037735849056	0.03773584905660377	0.06721698113207547	0.009433962264150943	0.3867924528301887	0.009433962264150943	0.10377358490566038	
0.38813559322033897	0.15593220338983052	0.0423728813559322	0.09491525423728814	0.01694915254237288	0.015254237288135594	0.03220338983050847	0.1576271186440678	0.023728813559322035	0.07288135593220339	
0.04697986577181208	0.06711409395973154	0.040268456375838924	0.174496644295302	0.02181208053691275	0.03691275167785235	0.04530201342281879	0.19966442953020133	0.040268456375838924	0.3271812080536913	
0.030303030303030304	0.09956709956709957	0.10822510822510822	0.06926406926406926	0.05194805194805195	0.047619047619047616	0.08225108225108226	0.36796536796536794	0.04329004329004329	0.09956709956709957	
0.056768558951965066	0.028384279475982533	0.05021834061135371	0.034934497816593885	0.04585152838427948	0.013100436681222707	0.05895196506550218	0.1943231441048035	0.4148471615720524	0.10262008733624454	
0.13846153846153847	0.16923076923076924	0.035897435897435895	0.08205128205128205	0.07692307692307693	0.09743589743589744	0.05128205128205128	0.13846153846153847	0.06153846153846154	0.14871794871794872	
0.07777777777777778	0.02962962962962963	0.07407407407407407	0.11851851851851852	0.06666666666666667	0.018518518518518517	0.3148148148148148	0.08888888888888889	0.025925925925925925	0.18518518518518517	
0.06164383561643835	0.0684931506849315	0.07534246575342465	0.1506849315068493	0.07534246575342465	0.0547945205479452	0.3767123287671233	0.04794520547945205	0.04794520547945205	0.0410958904109589	
0.08	0.05714285714285714	0.06857142857142857	0.21142857142857144	0.06285714285714286	0.03428571428571429	0.19428571428571428	0.05714285714285714	0.04	0.19428571428571428	
0.08108108108108109	0.08108108108108109	0.06756756756756757	0.1891891891891892	0.08108108108108109	0.08108108108108109	0.0945945945945946	0.08108108108108109	0.06756756756756757	0.17567567567567569	
0.19318181818181818	0.026515151515151516	0.06060606060606061	0.17045454545454544	0.022727272727272728	0.03787878787878788	0.2916666666666667	0.022727272727272728	0.026515151515151516	0.14772727272727273	
0.1774193548387097	0.053763440860215055	0.026881720430107527	0.3172043010752688	0.0913978494623656	0.026881720430107527	0.10215053763440861	0.053763440860215055	0.03225806451612903	0.11827956989247312	
0.07042253521126761	0.051643192488262914	0.028169014084507043	0.3333333333333333	0.046948356807511735	0.051643192488262914	0.3145539906103286	0.028169014084507043	0.03286384976525822	0.04225352112676056	
0.21301775147928995	0.05325443786982249	0.047337278106508875	0.15384615384615385	0.047337278106508875	0.04142011834319527	0.17751479289940827	0.047337278106508875	0.10059171597633136	0.11834319526627218	
0.12359550561797752	0.03651685393258427	0.025280898876404494	0.20786516853932585	0.047752808988764044	0.0449438202247191	0.2752808988764045	0.019662921348314606	0.025280898876404494	0.19382022471910113	
0.09090909090909091	0.07575757575757576	0.09090909090909091	0.09090909090909091	0.09090909090909091	0.09090909090909091	0.22727272727272727	0.07575757575757576	0.07575757575757576	0.09090909090909091	
0.16417910447761194	0.03482587064676617	0.14925373134328357	0.07462686567164178	0.07462686567164178	0.03482587064676617	0.22885572139303484	0.07462686567164178	0.05970149253731343	0.1044776119402985	
0.12878787878787878	0.06060606060606061	0.08333333333333333	0.17424242424242425	0.08333333333333333	0.06060606060606061	0.22727272727272727	0.07575757575757576	0.05303030303030303	0.05303030303030303	
0.21428571428571427	0.09047619047619047	0.13333333333333333	0.07142857142857142	0.06666666666666667	0.05238095238095238	0.09047619047619047	0.04285714285714286	0.10476190476190476	0.13333333333333333	
0.05063291139240506	0.06329113924050633	0.10126582278481013	0.0970464135021097	0.08438818565400844	0.029535864978902954	0.27848101265822783	0.09282700421940929	0.06329113924050633	0.13924050632911392	
0.054945054945054944	0.03296703296703297	0.06593406593406594	0.06043956043956044	0.08791208791208792	0.054945054945054944	0.23076923076923078	0.08791208791208792	0.27472527472527475	0.04945054945054945	
0.030927835051546393	0.0979381443298969	0.061855670103092786	0.04639175257731959	0.041237113402061855	0.04639175257731959	0.36597938144329895	0.06701030927835051	0.041237113402061855	0.20103092783505155	
0.07653061224489796	0.20408163265306123	0.0663265306122449	0.10714285714285714	0.04081632653061224	0.03571428571428571	0.3163265306122449	0.09183673469387756	0.03571428571428571	0.025510204081632654	
0.08139534883720931	0.11627906976744186	0.06976744186046512	0.08139534883720931	0.08139534883720931	0.05813953488372093	0.23255813953488372	0.08139534883720931	0.13953488372093023	0.05813953488372093	
0.08273381294964029	0.14388489208633093	0.04316546762589928	0.2158273381294964	0.03597122302158273	0.03597122302158273	0.31654676258992803	0.039568345323741004	0.03237410071942446	0.0539568345323741	
