0.09836065573770492	0.08196721311475409	0.08196721311475409	0.11475409836065574	0.08196721311475409	0.11475409836065574	0.14754098360655737	0.09836065573770492	0.09836065573770492	0.08196721311475409	
0.07427536231884058	0.050724637681159424	0.035326086956521736	0.18568840579710144	0.029891304347826088	0.03713768115942029	0.45742753623188404	0.03260869565217391	0.05434782608695652	0.042572463768115944	
0.08737864077669903	0.02912621359223301	0.07766990291262135	0.19093851132686085	0.05825242718446602	0.061488673139158574	0.34627831715210355	0.04854368932038835	0.04854368932038835	0.05177993527508091	
0.05813953488372093	0.06976744186046512	0.06976744186046512	0.11627906976744186	0.06976744186046512	0.1511627906976744	0.1744186046511628	0.13953488372093023	0.06976744186046512	0.08139534883720931	
0.14	0.09	0.08	0.13	0.09	0.11	0.19	0.07	0.05	0.05	
0.040955631399317405	0.034129692832764506	0.04436860068259386	0.19112627986348124	0.14334470989761092	0.06143344709897611	0.36177474402730375	0.04778156996587031	0.03754266211604096	0.03754266211604096	
0.03272727272727273	0.025454545454545455	0.11636363636363636	0.09818181818181818	0.09818181818181818	0.06181818181818182	0.39636363636363636	0.06545454545454546	0.06545454545454546	0.04	
0.08189655172413793	0.03879310344827586	0.034482758620689655	0.125	0.07758620689655173	0.1896551724137931	0.2974137931034483	0.07758620689655173	0.034482758620689655	0.04310344827586207	
0.039568345323741004	0.08633093525179857	0.0683453237410072	0.19424460431654678	0.09712230215827339	0.10071942446043165	0.2589928057553957	0.046762589928057555	0.07913669064748201	0.02877697841726619	
0.09532374100719425	0.02158273381294964	0.03597122302158273	0.06115107913669065	0.03776978417266187	0.06294964028776978	0.4676258992805755	0.14928057553956833	0.0341726618705036	0.0341726618705036	
0.1111111111111111	0.042328042328042326	0.042328042328042326	0.164021164021164	0.10052910052910052	0.07407407407407407	0.25925925925925924	0.08994708994708994	0.0582010582010582	0.0582010582010582	
0.072	0.088	0.072	0.112	0.056	0.056	0.256	0.08	0.128	0.08	
0.21212121212121213	0.048484848484848485	0.01818181818181818	0.11818181818181818	0.07272727272727272	0.051515151515151514	0.3333333333333333	0.06060606060606061	0.03636363636363636	0.048484848484848485	
0.13618677042801555	0.03501945525291829	0.058365758754863814	0.11673151750972763	0.038910505836575876	0.03501945525291829	0.42412451361867703	0.054474708171206226	0.058365758754863814	0.042801556420233464	
0.21678321678321677	0.022727272727272728	0.022727272727272728	0.1555944055944056	0.05944055944055944	0.03496503496503497	0.3741258741258741	0.05944055944055944	0.03671328671328671	0.017482517482517484	
0.03875968992248062	0.06976744186046512	0.046511627906976744	0.10077519379844961	0.2248062015503876	0.12403100775193798	0.14728682170542637	0.046511627906976744	0.10077519379844961	0.10077519379844961	
0.01929260450160772	0.03858520900321544	0.06430868167202572	0.02572347266881029	0.13504823151125403	0.1189710610932476	0.2958199356913183	0.24437299035369775	0.028938906752411574	0.028938906752411574	
0.10106382978723404	0.06382978723404255	0.05851063829787234	0.15425531914893617	0.20212765957446807	0.05319148936170213	0.14361702127659576	0.11170212765957446	0.05851063829787234	0.05319148936170213	
0.1869747899159664	0.07563025210084033	0.03046218487394958	0.1722689075630252	0.052521008403361345	0.04096638655462185	0.3119747899159664	0.06302521008403361	0.03361344537815126	0.032563025210084036	
0.027692307692307693	0.28923076923076924	0.055384615384615386	0.14461538461538462	0.055384615384615386	0.027692307692307693	0.29846153846153844	0.033846153846153845	0.036923076923076927	0.03076923076923077	
0.0875	0.09583333333333334	0.0375	0.19583333333333333	0.05	0.07083333333333333	0.3375	0.05	0.029166666666666667	0.04583333333333333	
0.19924812030075187	0.045112781954887216	0.05263157894736842	0.16917293233082706	0.07142857142857142	0.041353383458646614	0.18045112781954886	0.18045112781954886	0.03383458646616541	0.02631578947368421	
0.15204678362573099	0.03508771929824561	0.04093567251461988	0.043859649122807015	0.08187134502923976	0.03216374269005848	0.39766081871345027	0.12280701754385964	0.06725146198830409	0.02631578947368421	
0.07756232686980609	0.024930747922437674	0.0664819944598338	0.060941828254847646	0.08587257617728532	0.0221606648199446	0.2409972299168975	0.3268698060941828	0.05263157894736842	0.04155124653739612	
0.02895752895752896	0.03667953667953668	0.08108108108108109	0.02895752895752896	0.0888030888030888	0.05019305019305019	0.18532818532818532	0.39768339768339767	0.0444015444015444	0.05791505791505792	
0.041474654377880185	0.041474654377880185	0.11059907834101383	0.05069124423963134	0.14285714285714285	0.06912442396313365	0.25806451612903225	0.14285714285714285	0.04608294930875576	0.0967741935483871	
0.09045226130653267	0.04522613065326633	0.07035175879396985	0.09547738693467336	0.135678391959799	0.10552763819095477	0.27638190954773867	0.10552763819095477	0.035175879396984924	0.04020100502512563	
0.21160409556313994	0.051194539249146756	0.07167235494880546	0.06825938566552901	0.05460750853242321	0.030716723549488054	0.3651877133105802	0.051194539249146756	0.04778156996587031	0.04778156996587031	
0.17647058823529413	0.0784313725490196	0.06535947712418301	0.11764705882352941	0.0784313725490196	0.0457516339869281	0.13071895424836602	0.1568627450980392	0.08496732026143791	0.06535947712418301	
0.036036036036036036	0.024774774774774775	0.04054054054054054	0.018018018018018018	0.033783783783783786	0.12162162162162163	0.24549549549549549	0.40540540540540543	0.04954954954954955	0.024774774774774775	
0.10207939508506617	0.017013232514177693	0.05671077504725898	0.03213610586011342	0.0831758034026465	0.05103969754253308	0.3742911153119093	0.2381852551984877	0.022684310018903593	0.022684310018903593	
0.13793103448275862	0.08620689655172414	0.0603448275862069	0.0603448275862069	0.05172413793103448	0.0603448275862069	0.12931034482758622	0.2672413793103448	0.05172413793103448	0.09482758620689655	
0.09375	0.0625	0.07291666666666667	0.11458333333333333	0.07291666666666667	0.09375	0.1875	0.11458333333333333	0.11458333333333333	0.07291666666666667	
0.04487179487179487	0.016025641025641024	0.060897435897435896	0.08333333333333333	0.08333333333333333	0.04487179487179487	0.27564102564102566	0.27884615384615385	0.038461538461538464	0.07371794871794872	
0.0392156862745098	0.06862745098039216	0.08823529411764706	0.049019607843137254	0.0392156862745098	0.0784313725490196	0.28431372549019607	0.2647058823529412	0.029411764705882353	0.058823529411764705	
0.0797872340425532	0.05319148936170213	0.06914893617021277	0.0797872340425532	0.05851063829787234	0.05851063829787234	0.2712765957446808	0.12234042553191489	0.0425531914893617	0.16489361702127658	
0.021352313167259787	0.05693950177935943	0.06761565836298933	0.1423487544483986	0.03914590747330961	0.042704626334519574	0.42704626334519574	0.13523131672597866	0.042704626334519574	0.02491103202846975	
0.045307443365695796	0.03559870550161812	0.05825242718446602	0.05501618122977346	0.1262135922330097	0.07766990291262135	0.4077669902912621	0.10679611650485436	0.032362459546925564	0.05501618122977346	
0.043668122270742356	0.034934497816593885	0.14410480349344978	0.07860262008733625	0.039301310043668124	0.08733624454148471	0.2096069868995633	0.1703056768558952	0.039301310043668124	0.15283842794759825	
0.025943396226415096	0.02358490566037736	0.17688679245283018	0.09669811320754718	0.0660377358490566	0.04245283018867924	0.25	0.1580188679245283	0.08962264150943396	0.07075471698113207	
0.06976744186046512	0.03488372093023256	0.05232558139534884	0.06976744186046512	0.08139534883720931	0.046511627906976744	0.3488372093023256	0.13953488372093023	0.05813953488372093	0.09883720930232558	
0.0627177700348432	0.041811846689895474	0.0975609756097561	0.07665505226480836	0.08710801393728224	0.13240418118466898	0.21602787456445993	0.14634146341463414	0.0627177700348432	0.07665505226480836	
0.03333333333333333	0.05714285714285714	0.2833333333333333	0.02857142857142857	0.05238095238095238	0.09047619047619047	0.31666666666666665	0.0880952380952381	0.02857142857142857	0.02142857142857143	
0.01978021978021978	0.04835164835164835	0.0967032967032967	0.035164835164835165	0.11208791208791209	0.11868131868131868	0.378021978021978	0.14285714285714285	0.03296703296703297	0.015384615384615385	
0.031055900621118012	0.057971014492753624	0.12008281573498965	0.028985507246376812	0.07453416149068323	0.10766045548654245	0.40372670807453415	0.11180124223602485	0.049689440993788817	0.014492753623188406	
0.026923076923076925	0.08076923076923077	0.08846153846153847	0.03076923076923077	0.08076923076923077	0.2230769230769231	0.3269230769230769	0.06538461538461539	0.04230769230769231	0.03461538461538462	
0.03139013452914798	0.017937219730941704	0.17040358744394618	0.033632286995515695	0.08071748878923767	0.24663677130044842	0.2713004484304933	0.08968609865470852	0.02466367713004484	0.033632286995515695	
0.11484593837535013	0.036414565826330535	0.03081232492997199	0.05322128851540616	0.09243697478991597	0.26330532212885155	0.2857142857142857	0.06162464985994398	0.025210084033613446	0.036414565826330535	
0.03278688524590164	0.09836065573770492	0.09289617486338798	0.04371584699453552	0.04371584699453552	0.25136612021857924	0.28415300546448086	0.04918032786885246	0.07650273224043716	0.0273224043715847	
0.023762376237623763	0.03564356435643564	0.1485148514851485	0.02178217821782178	0.03564356435643564	0.33861386138613864	0.22574257425742575	0.06732673267326733	0.013861386138613862	0.0891089108910891	
0.050724637681159424	0.057971014492753624	0.09420289855072464	0.09420289855072464	0.06521739130434782	0.3333333333333333	0.09420289855072464	0.043478260869565216	0.036231884057971016	0.13043478260869565	
0.04838709677419355	0.07258064516129033	0.11290322580645161	0.04838709677419355	0.08064516129032258	0.2661290322580645	0.20967741935483872	0.08064516129032258	0.04032258064516129	0.04032258064516129	
0.020477815699658702	0.05802047781569966	0.17406143344709898	0.020477815699658702	0.06825938566552901	0.23890784982935154	0.3037542662116041	0.05460750853242321	0.04436860068259386	0.017064846416382253	
0.08860759493670886	0.0759493670886076	0.12658227848101267	0.08860759493670886	0.0759493670886076	0.17721518987341772	0.12658227848101267	0.06329113924050633	0.11392405063291139	0.06329113924050633	
0.03070175438596491	0.07017543859649122	0.05701754385964912	0.07456140350877193	0.03508771929824561	0.3508771929824561	0.15789473684210525	0.08333333333333333	0.07456140350877193	0.06578947368421052	
0.02072538860103627	0.025906735751295335	0.07426597582037997	0.012089810017271158	0.06044905008635579	0.385146804835924	0.15716753022452504	0.14162348877374784	0.08808290155440414	0.03454231433506045	
0.06389776357827476	0.04792332268370607	0.038338658146964855	0.09584664536741214	0.09584664536741214	0.04472843450479233	0.3514376996805112	0.16293929712460065	0.025559105431309903	0.07348242811501597	
0.052083333333333336	0.1875	0.06597222222222222	0.2048611111111111	0.0625	0.04513888888888889	0.2569444444444444	0.03819444444444445	0.05555555555555555	0.03125	
0.042435424354243544	0.23800738007380073	0.07380073800738007	0.16236162361623616	0.04059040590405904	0.033210332103321034	0.32287822878228783	0.02214022140221402	0.023985239852398525	0.04059040590405904	
0.052924791086350974	0.15041782729805014	0.027855153203342618	0.17827298050139276	0.07242339832869081	0.06128133704735376	0.2757660167130919	0.03899721448467967	0.0584958217270195	0.08356545961002786	
0.027777777777777776	0.26587301587301587	0.09722222222222222	0.03968253968253968	0.025793650793650792	0.13293650793650794	0.24801587301587302	0.031746031746031744	0.10119047619047619	0.02976190476190476	
0.04054054054054054	0.11486486486486487	0.04054054054054054	0.14864864864864866	0.11486486486486487	0.22297297297297297	0.16891891891891891	0.0472972972972973	0.05405405405405406	0.0472972972972973	
0.06862745098039216	0.23529411764705882	0.058823529411764705	0.058823529411764705	0.14705882352941177	0.09803921568627451	0.1568627450980392	0.058823529411764705	0.058823529411764705	0.058823529411764705	
0.06944444444444445	0.1388888888888889	0.09722222222222222	0.1527777777777778	0.1111111111111111	0.09722222222222222	0.125	0.06944444444444445	0.06944444444444445	0.06944444444444445	
0.041916167664670656	0.18263473053892215	0.06287425149700598	0.1497005988023952	0.06287425149700598	0.0688622754491018	0.32934131736526945	0.029940119760479042	0.029940119760479042	0.041916167664670656	
0.04482758620689655	0.3620689655172414	0.04827586206896552	0.16551724137931034	0.07241379310344828	0.04482758620689655	0.15862068965517243	0.034482758620689655	0.034482758620689655	0.034482758620689655	
0.03787878787878788	0.25946969696969696	0.10227272727272728	0.07765151515151515	0.056818181818181816	0.058712121212121215	0.30492424242424243	0.020833333333333332	0.015151515151515152	0.06628787878787878	
0.015822784810126583	0.4050632911392405	0.12658227848101267	0.05063291139240506	0.03481012658227848	0.04113924050632911	0.16455696202531644	0.05063291139240506	0.06645569620253164	0.04430379746835443	
0.016885553470919325	0.3433395872420263	0.08067542213883677	0.020637898686679174	0.03564727954971857	0.15196998123827393	0.2326454033771107	0.039399624765478425	0.0600375234521576	0.01876172607879925	
0.04666666666666667	0.37333333333333335	0.06666666666666667	0.03333333333333333	0.04666666666666667	0.1	0.12666666666666668	0.11333333333333333	0.04666666666666667	0.04666666666666667	
0.03291139240506329	0.2759493670886076	0.13924050632911392	0.035443037974683546	0.03291139240506329	0.05569620253164557	0.29620253164556964	0.0379746835443038	0.05569620253164557	0.0379746835443038	
0.0273972602739726	0.3561643835616438	0.1487279843444227	0.046966731898238745	0.0136986301369863	0.08806262230919765	0.22113502935420742	0.033268101761252444	0.019569471624266144	0.04500978473581213	
0.06082725060827251	0.18491484184914841	0.06569343065693431	0.1362530413625304	0.024330900243309004	0.0705596107055961	0.25060827250608275	0.07542579075425791	0.021897810218978103	0.10948905109489052	
0.06390977443609022	0.20488721804511278	0.22556390977443608	0.046992481203007516	0.020676691729323307	0.04887218045112782	0.2575187969924812	0.06390977443609022	0.046992481203007516	0.020676691729323307	
0.038461538461538464	0.3141025641025641	0.038461538461538464	0.10256410256410256	0.07051282051282051	0.07051282051282051	0.22435897435897437	0.04487179487179487	0.057692307692307696	0.038461538461538464	
0.0379746835443038	0.26582278481012656	0.0759493670886076	0.056962025316455694	0.10126582278481013	0.13924050632911392	0.11392405063291139	0.10759493670886076	0.06962025316455696	0.03164556962025317	
0.0391304347826087	0.20869565217391303	0.12173913043478261	0.09565217391304348	0.09565217391304348	0.10869565217391304	0.14782608695652175	0.11304347826086956	0.043478260869565216	0.02608695652173913	
0.10294117647058823	0.14950980392156862	0.05392156862745098	0.2181372549019608	0.061274509803921566	0.14705882352941177	0.10294117647058823	0.049019607843137254	0.0784313725490196	0.03676470588235294	
0.08641975308641975	0.35802469135802467	0.05555555555555555	0.04938271604938271	0.07407407407407407	0.11728395061728394	0.10493827160493827	0.05555555555555555	0.06790123456790123	0.030864197530864196	
0.03669724770642202	0.38990825688073394	0.04128440366972477	0.13761467889908258	0.05045871559633028	0.10091743119266056	0.13761467889908258	0.04128440366972477	0.04128440366972477	0.022935779816513763	
0.08	0.06666666666666667	0.08	0.10666666666666667	0.08	0.06666666666666667	0.28	0.08	0.06666666666666667	0.09333333333333334	
0.02830188679245283	0.031446540880503145	0.24842767295597484	0.0220125786163522	0.018867924528301886	0.10062893081761007	0.11006289308176101	0.3836477987421384	0.02830188679245283	0.02830188679245283	
0.05851063829787234	0.0425531914893617	0.06382978723404255	0.0851063829787234	0.07446808510638298	0.031914893617021274	0.2872340425531915	0.26063829787234044	0.031914893617021274	0.06382978723404255	
0.0759493670886076	0.0379746835443038	0.08860759493670886	0.13924050632911392	0.056962025316455694	0.12658227848101267	0.2848101265822785	0.056962025316455694	0.0949367088607595	0.0379746835443038	
0.0199203187250996	0.03187250996015936	0.10358565737051793	0.043824701195219126	0.0796812749003984	0.2151394422310757	0.3426294820717131	0.08366533864541832	0.027888446215139442	0.05179282868525897	
0.0472972972972973	0.0945945945945946	0.1891891891891892	0.04054054054054054	0.0472972972972973	0.2635135135135135	0.16216216216216217	0.0472972972972973	0.05405405405405406	0.05405405405405406	
0.024	0.044	0.148	0.036	0.044	0.284	0.216	0.084	0.056	0.064	
0.03550295857988166	0.11242603550295859	0.07692307692307693	0.05325443786982249	0.08284023668639054	0.08875739644970414	0.30177514792899407	0.05917159763313609	0.047337278106508875	0.14201183431952663	
0.046875	0.0546875	0.125	0.0859375	0.0546875	0.1328125	0.2578125	0.0546875	0.078125	0.109375	
0.07272727272727272	0.06060606060606061	0.09090909090909091	0.03636363636363636	0.05454545454545454	0.17575757575757575	0.2787878787878788	0.08484848484848485	0.06060606060606061	0.08484848484848485	
0.06168831168831169	0.09415584415584416	0.05844155844155844	0.08441558441558442	0.02922077922077922	0.21428571428571427	0.18181818181818182	0.045454545454545456	0.03896103896103896	0.19155844155844157	
0.035269709543568464	0.13070539419087138	0.24896265560165975	0.04564315352697095	0.026970954356846474	0.2012448132780083	0.2033195020746888	0.02074688796680498	0.035269709543568464	0.05186721991701245	
0.06870229007633588	0.21374045801526717	0.09541984732824428	0.09541984732824428	0.08015267175572519	0.07251908396946564	0.25572519083969464	0.061068702290076333	0.03435114503816794	0.022900763358778626	
0.058823529411764705	0.13725490196078433	0.1895424836601307	0.0784313725490196	0.058823529411764705	0.0915032679738562	0.09803921568627451	0.05228758169934641	0.1111111111111111	0.12418300653594772	
0.08620689655172414	0.08620689655172414	0.08620689655172414	0.08620689655172414	0.08620689655172414	0.1206896551724138	0.1206896551724138	0.10344827586206896	0.10344827586206896	0.1206896551724138	
0.057971014492753624	0.15217391304347827	0.11594202898550725	0.043478260869565216	0.043478260869565216	0.12318840579710146	0.2463768115942029	0.057971014492753624	0.11594202898550725	0.043478260869565216	
0.024193548387096774	0.07795698924731183	0.12096774193548387	0.07526881720430108	0.03763440860215054	0.07526881720430108	0.15591397849462366	0.05913978494623656	0.27956989247311825	0.09408602150537634	
0.05263157894736842	0.1118421052631579	0.06578947368421052	0.05921052631578947	0.039473684210526314	0.08552631578947369	0.3618421052631579	0.046052631578947366	0.05921052631578947	0.11842105263157894	
0.03745318352059925	0.20973782771535582	0.20973782771535582	0.033707865168539325	0.018726591760299626	0.1647940074906367	0.19850187265917604	0.0599250936329588	0.04119850187265917	0.026217228464419477	
0.07476635514018691	0.07476635514018691	0.2336448598130841	0.07476635514018691	0.102803738317757	0.08411214953271028	0.16822429906542055	0.06542056074766354	0.04672897196261682	0.07476635514018691	
0.06015037593984962	0.09022556390977443	0.42857142857142855	0.045112781954887216	0.05263157894736842	0.06766917293233082	0.09774436090225563	0.07518796992481203	0.03759398496240601	0.045112781954887216	
0.02857142857142857	0.08333333333333333	0.4023809523809524	0.03571428571428571	0.02857142857142857	0.07857142857142857	0.23809523809523808	0.05	0.02142857142857143	0.03333333333333333	
0.056910569105691054	0.08130081300813008	0.35772357723577236	0.024390243902439025	0.06504065040650407	0.14634146341463414	0.15040650406504066	0.024390243902439025	0.052845528455284556	0.04065040650406504	
0.07051282051282051	0.1858974358974359	0.11538461538461539	0.07692307692307693	0.07692307692307693	0.11538461538461539	0.1987179487179487	0.057692307692307696	0.05128205128205128	0.05128205128205128	
0.0225140712945591	0.04690431519699812	0.10318949343339587	0.039399624765478425	0.043151969981238276	0.35647279549718575	0.24390243902439024	0.02626641651031895	0.04878048780487805	0.06941838649155722	
0.0946969696969697	0.026515151515151516	0.017045454545454544	0.14772727272727273	0.09659090909090909	0.03977272727272727	0.42613636363636365	0.043560606060606064	0.03409090909090909	0.07386363636363637	
0.08405797101449275	0.03188405797101449	0.043478260869565216	0.0927536231884058	0.05217391304347826	0.02608695652173913	0.46956521739130436	0.05507246376811594	0.09565217391304348	0.04927536231884058	
0.08235294117647059	0.04941176470588235	0.06823529411764706	0.08	0.018823529411764704	0.07058823529411765	0.38588235294117645	0.03764705882352941	0.10352941176470588	0.10352941176470588	
0.08875739644970414	0.026627218934911243	0.05029585798816568	0.20414201183431951	0.047337278106508875	0.029585798816568046	0.38461538461538464	0.05029585798816568	0.06804733727810651	0.05029585798816568	
0.0391304347826087	0.03695652173913044	0.08260869565217391	0.06304347826086956	0.06304347826086956	0.01956521739130435	0.591304347826087	0.041304347826086954	0.04782608695652174	0.015217391304347827	
0.06544502617801047	0.03664921465968586	0.08900523560209424	0.0549738219895288	0.020942408376963352	0.05235602094240838	0.5366492146596858	0.041884816753926704	0.06282722513089005	0.03926701570680628	
0.038338658146964855	0.04792332268370607	0.07667731629392971	0.08146964856230032	0.07188498402555911	0.08945686900958466	0.21884984025559107	0.011182108626198083	0.3194888178913738	0.04472843450479233	
0.13963963963963963	0.02702702702702703	0.07657657657657657	0.0945945945945946	0.05855855855855856	0.04054054054054054	0.2972972972972973	0.08108108108108109	0.05405405405405406	0.13063063063063063	
0.24299065420560748	0.037383177570093455	0.04672897196261682	0.0514018691588785	0.07009345794392523	0.0514018691588785	0.32710280373831774	0.07476635514018691	0.06542056074766354	0.03271028037383177	
0.07306889352818371	0.025052192066805846	0.04592901878914405	0.07724425887265135	0.081419624217119	0.09812108559498957	0.407098121085595	0.04384133611691023	0.09603340292275574	0.05219206680584551	
0.11428571428571428	0.03333333333333333	0.047619047619047616	0.08571428571428572	0.04285714285714286	0.11904761904761904	0.30952380952380953	0.10952380952380952	0.06190476190476191	0.0761904761904762	
0.14596273291925466	0.017080745341614908	0.09006211180124224	0.05745341614906832	0.07608695652173914	0.037267080745341616	0.34937888198757766	0.06366459627329192	0.059006211180124224	0.10403726708074534	
0.06134969325153374	0.03680981595092025	0.03680981595092025	0.13496932515337423	0.10429447852760736	0.03680981595092025	0.4049079754601227	0.04294478527607362	0.06134969325153374	0.07975460122699386	
0.15730337078651685	0.03932584269662921	0.03932584269662921	0.05056179775280899	0.14606741573033707	0.12359550561797752	0.2696629213483146	0.028089887640449437	0.10112359550561797	0.0449438202247191	
0.13333333333333333	0.054901960784313725	0.03137254901960784	0.050980392156862744	0.15294117647058825	0.06666666666666667	0.3058823529411765	0.03529411764705882	0.11372549019607843	0.054901960784313725	
0.0687593423019432	0.025411061285500747	0.04932735426008968	0.09865470852017937	0.22720478325859492	0.016442451420029897	0.28400597907324365	0.053811659192825115	0.07174887892376682	0.10463378176382661	
0.1475	0.0525	0.0425	0.2675	0.085	0.02	0.23	0.035	0.0675	0.0525	
0.06741573033707865	0.028089887640449437	0.03932584269662921	0.14606741573033707	0.056179775280898875	0.03932584269662921	0.48314606741573035	0.03932584269662921	0.05056179775280899	0.05056179775280899	
0.05179282868525897	0.017928286852589643	0.0796812749003984	0.06573705179282868	0.05776892430278884	0.029880478087649404	0.19721115537848605	0.043824701195219126	0.035856573705179286	0.4203187250996016	
0.08333333333333333	0.03819444444444445	0.05555555555555555	0.2152777777777778	0.05555555555555555	0.041666666666666664	0.3576388888888889	0.034722222222222224	0.034722222222222224	0.08333333333333333	
0.07317073170731707	0.08536585365853659	0.07317073170731707	0.06097560975609756	0.10975609756097561	0.08536585365853659	0.23170731707317074	0.13414634146341464	0.06097560975609756	0.08536585365853659	
0.03389830508474576	0.07344632768361582	0.06779661016949153	0.15819209039548024	0.07344632768361582	0.07344632768361582	0.3672316384180791	0.03389830508474576	0.06779661016949153	0.05084745762711865	
0.025525525525525526	0.08333333333333333	0.07882882882882883	0.08408408408408409	0.09309309309309309	0.23648648648648649	0.243993993993994	0.023273273273273273	0.09684684684684684	0.03453453453453453	
0.03767660910518053	0.05180533751962323	0.03610675039246468	0.1554160125588697	0.09105180533751962	0.058084772370486655	0.4599686028257457	0.02511773940345369	0.06279434850863422	0.02197802197802198	
0.19680851063829788	0.05851063829787234	0.0851063829787234	0.19680851063829788	0.047872340425531915	0.0851063829787234	0.1702127659574468	0.03723404255319149	0.031914893617021274	0.09042553191489362	
0.17378497790868924	0.026509572901325478	0.044182621502209134	0.22238586156111928	0.1134020618556701	0.044182621502209134	0.19293078055964655	0.09278350515463918	0.047128129602356406	0.042709867452135494	
0.0871559633027523	0.034403669724770644	0.05963302752293578	0.08027522935779817	0.08256880733944955	0.02981651376146789	0.49770642201834864	0.04128440366972477	0.020642201834862386	0.06651376146788991	
0.09381663113006397	0.046908315565031986	0.03837953091684435	0.24520255863539445	0.08315565031982942	0.04051172707889126	0.2899786780383795	0.09168443496801706	0.02771855010660981	0.042643923240938165	
0.10574018126888217	0.07250755287009064	0.04229607250755287	0.21450151057401812	0.09063444108761329	0.03927492447129909	0.32628398791540786	0.054380664652567974	0.021148036253776436	0.03323262839879154	
0.05665024630541872	0.046798029556650245	0.022167487684729065	0.229064039408867	0.11822660098522167	0.034482758620689655	0.2955665024630542	0.07635467980295567	0.019704433497536946	0.10098522167487685	
0.08900523560209424	0.06806282722513089	0.1099476439790576	0.17277486910994763	0.1518324607329843	0.031413612565445025	0.16753926701570682	0.06282722513089005	0.04712041884816754	0.09947643979057591	
0.0335195530726257	0.12290502793296089	0.26256983240223464	0.0670391061452514	0.10614525139664804	0.08379888268156424	0.18435754189944134	0.055865921787709494	0.05027932960893855	0.0335195530726257	
0.031315240083507306	0.09603340292275574	0.33820459290187893	0.09812108559498957	0.054279749478079335	0.033402922755741124	0.22964509394572025	0.04175365344467641	0.05219206680584551	0.025052192066805846	
0.08661417322834646	0.06299212598425197	0.1968503937007874	0.06299212598425197	0.07086614173228346	0.03937007874015748	0.2440944881889764	0.06299212598425197	0.08661417322834646	0.08661417322834646	
0.02910958904109589	0.03595890410958904	0.3527397260273973	0.05136986301369863	0.06506849315068493	0.07363013698630137	0.2979452054794521	0.030821917808219176	0.02226027397260274	0.0410958904109589	
0.05371900826446281	0.06611570247933884	0.2768595041322314	0.06198347107438017	0.06611570247933884	0.10330578512396695	0.11570247933884298	0.08264462809917356	0.045454545454545456	0.128099173553719	
0.04885057471264368	0.1206896551724138	0.21839080459770116	0.08620689655172414	0.04597701149425287	0.1752873563218391	0.13505747126436782	0.04885057471264368	0.06609195402298851	0.05459770114942529	
0.04424778761061947	0.1592920353982301	0.25663716814159293	0.07079646017699115	0.05309734513274336	0.07079646017699115	0.13274336283185842	0.04424778761061947	0.07964601769911504	0.08849557522123894	
0.0326530612244898	0.1673469387755102	0.1673469387755102	0.22040816326530613	0.10204081632653061	0.02857142857142857	0.17959183673469387	0.0326530612244898	0.024489795918367346	0.044897959183673466	
0.032036613272311214	0.032036613272311214	0.4668192219679634	0.06407322654462243	0.07322654462242563	0.038901601830663615	0.14187643020594964	0.020594965675057208	0.029748283752860413	0.10068649885583524	
0.04954954954954955	0.03153153153153153	0.2927927927927928	0.04504504504504504	0.02702702702702703	0.13513513513513514	0.24774774774774774	0.06306306306306306	0.02252252252252252	0.08558558558558559	
0.06164383561643835	0.04794520547945205	0.3561643835616438	0.06164383561643835	0.0410958904109589	0.0821917808219178	0.1643835616438356	0.0410958904109589	0.0684931506849315	0.07534246575342465	
0.04455445544554455	0.0594059405940594	0.3316831683168317	0.039603960396039604	0.024752475247524754	0.10396039603960396	0.19801980198019803	0.07425742574257425	0.039603960396039604	0.08415841584158416	
0.07058823529411765	0.08235294117647059	0.1411764705882353	0.058823529411764705	0.07058823529411765	0.16470588235294117	0.11764705882352941	0.09411764705882353	0.10588235294117647	0.09411764705882353	
0.0945273631840796	0.03980099502487562	0.24875621890547264	0.07960199004975124	0.04477611940298507	0.17412935323383086	0.07462686567164178	0.10945273631840796	0.05970149253731343	0.07462686567164178	
0.034782608695652174	0.030434782608695653	0.24782608695652175	0.10434782608695652	0.05217391304347826	0.13043478260869565	0.16956521739130434	0.06521739130434782	0.06956521739130435	0.09565217391304348	
0.05026455026455026	0.21428571428571427	0.09259259259259259	0.10052910052910052	0.15079365079365079	0.08465608465608465	0.16666666666666666	0.023809523809523808	0.037037037037037035	0.07936507936507936	
0.07777777777777778	0.044444444444444446	0.19444444444444445	0.06111111111111111	0.05	0.08888888888888889	0.17222222222222222	0.03888888888888889	0.15555555555555556	0.11666666666666667	
0.0825242718446602	0.05825242718446602	0.055825242718446605	0.25728155339805825	0.050970873786407765	0.055825242718446605	0.21601941747572814	0.02912621359223301	0.14805825242718446	0.04611650485436893	
0.015904572564612324	0.12922465208747516	0.11530815109343936	0.13320079522862824	0.055666003976143144	0.0536779324055666	0.1073558648111332	0.0775347912524851	0.2962226640159046	0.015904572564612324	
0.07387862796833773	0.036939313984168866	0.04221635883905013	0.11345646437994723	0.0712401055408971	0.1345646437994723	0.20580474934036938	0.08443271767810026	0.18469656992084432	0.052770448548812667	
0.07575757575757576	0.06060606060606061	0.06060606060606061	0.2878787878787879	0.06060606060606061	0.05303030303030303	0.22727272727272727	0.03787878787878788	0.06818181818181818	0.06818181818181818	
0.041884816753926704	0.07329842931937172	0.09424083769633508	0.24083769633507854	0.07329842931937172	0.08376963350785341	0.2513089005235602	0.05235602094240838	0.04712041884816754	0.041884816753926704	
0.07262569832402235	0.1452513966480447	0.061452513966480445	0.17318435754189945	0.07262569832402235	0.055865921787709494	0.2681564245810056	0.05027932960893855	0.05027932960893855	0.05027932960893855	
0.06976744186046512	0.031007751937984496	0.06976744186046512	0.14728682170542637	0.08139534883720931	0.06201550387596899	0.375968992248062	0.04263565891472868	0.027131782945736434	0.09302325581395349	
0.12987012987012986	0.06493506493506493	0.06493506493506493	0.11688311688311688	0.11688311688311688	0.06493506493506493	0.18181818181818182	0.07792207792207792	0.06493506493506493	0.11688311688311688	
0.06553911205073996	0.05708245243128964	0.02959830866807611	0.21141649048625794	0.016913319238900635	0.1226215644820296	0.32558139534883723	0.042283298097251586	0.05496828752642706	0.07399577167019028	
0.04497354497354497	0.027777777777777776	0.03439153439153439	0.2275132275132275	0.01984126984126984	0.03439153439153439	0.39021164021164023	0.041005291005291	0.11375661375661375	0.06613756613756613	
0.08	0.08	0.12	0.12	0.06666666666666667	0.06666666666666667	0.21333333333333335	0.06666666666666667	0.09333333333333334	0.09333333333333334	
0.11449451887941535	0.024360535931790498	0.03532277710109622	0.13276492082825822	0.057247259439707675	0.02679658952496955	0.48721071863581	0.049939098660170524	0.030450669914738125	0.04141291108404385	
0.08846153846153847	0.09615384615384616	0.08461538461538462	0.21923076923076923	0.057692307692307696	0.046153846153846156	0.28846153846153844	0.03076923076923077	0.05384615384615385	0.03461538461538462	
0.10801393728222997	0.027874564459930314	0.08362369337979095	0.15331010452961671	0.041811846689895474	0.0313588850174216	0.3902439024390244	0.06620209059233449	0.04878048780487805	0.04878048780487805	
0.04522613065326633	0.09547738693467336	0.05025125628140704	0.1658291457286432	0.05527638190954774	0.06532663316582915	0.24623115577889448	0.135678391959799	0.08542713567839195	0.05527638190954774	
0.07608695652173914	0.05434782608695652	0.05434782608695652	0.17391304347826086	0.07608695652173914	0.05434782608695652	0.25	0.07608695652173914	0.07608695652173914	0.10869565217391304	
0.02631578947368421	0.07456140350877193	0.03508771929824561	0.10964912280701754	0.07894736842105263	0.043859649122807015	0.49122807017543857	0.039473684210526314	0.07017543859649122	0.03070175438596491	
0.09829059829059829	0.021367521367521368	0.02564102564102564	0.2606837606837607	0.049145299145299144	0.014957264957264958	0.38675213675213677	0.057692307692307696	0.049145299145299144	0.03632478632478633	
0.11954022988505747	0.027586206896551724	0.052873563218390804	0.2045977011494253	0.08505747126436781	0.03908045977011494	0.31494252873563217	0.05057471264367816	0.052873563218390804	0.052873563218390804	
0.042704626334519574	0.017793594306049824	0.07473309608540925	0.15302491103202848	0.06227758007117438	0.01601423487544484	0.501779359430605	0.02491103202846975	0.07829181494661921	0.028469750889679714	
0.07339449541284404	0.08256880733944955	0.045871559633027525	0.09174311926605505	0.08256880733944955	0.07339449541284404	0.3669724770642202	0.06422018348623854	0.05504587155963303	0.06422018348623854	
0.14130434782608695	0.03804347826086957	0.06521739130434782	0.10869565217391304	0.05434782608695652	0.059782608695652176	0.2608695652173913	0.08695652173913043	0.10869565217391304	0.07608695652173914	
0.23427331887201736	0.04121475054229935	0.0650759219088937	0.1540130151843818	0.07592190889370933	0.0824295010845987	0.1301518438177874	0.06073752711496746	0.0824295010845987	0.0737527114967462	
0.36902800658978585	0.07907742998352553	0.032948929159802305	0.07248764415156507	0.02800658978583196	0.11696869851729819	0.05930807248764415	0.07413509060955518	0.047775947281713346	0.12026359143327842	
0.405189620758483	0.017964071856287425	0.0499001996007984	0.029940119760479042	0.05788423153692615	0.18962075848303392	0.07584830339321358	0.10778443113772455	0.029940119760479042	0.03592814371257485	
0.29245283018867924	0.08372641509433962	0.049528301886792456	0.03537735849056604	0.055424528301886794	0.25	0.10259433962264151	0.0625	0.05306603773584906	0.015330188679245283	
0.13389830508474576	0.03898305084745763	0.0576271186440678	0.010169491525423728	0.02711864406779661	0.4288135593220339	0.06610169491525424	0.18135593220338983	0.03220338983050847	0.023728813559322035	
0.13926174496644295	0.32550335570469796	0.08557046979865772	0.04194630872483222	0.031879194630872486	0.10570469798657718	0.06040268456375839	0.05201342281879195	0.050335570469798654	0.10738255033557047	
0.2727272727272727	0.047619047619047616	0.08225108225108226	0.025974025974025976	0.06060606060606061	0.08225108225108226	0.12554112554112554	0.08658008658008658	0.06493506493506493	0.15151515151515152	
0.10043668122270742	0.08951965065502183	0.03711790393013101	0.03275109170305677	0.034934497816593885	0.12008733624454149	0.043668122270742356	0.026200873362445413	0.03056768558951965	0.4847161572052402	
0.11282051282051282	0.1641025641025641	0.09743589743589744	0.05641025641025641	0.041025641025641026	0.09230769230769231	0.06666666666666667	0.20512820512820512	0.07692307692307693	0.08717948717948718	
0.040740740740740744	0.14444444444444443	0.15555555555555556	0.037037037037037035	0.06296296296296296	0.2518518518518518	0.1111111111111111	0.025925925925925925	0.022222222222222223	0.14814814814814814	
0.0410958904109589	0.0410958904109589	0.3972602739726027	0.0684931506849315	0.0547945205479452	0.0410958904109589	0.1095890410958904	0.11643835616438356	0.0821917808219178	0.04794520547945205	
0.045714285714285714	0.21714285714285714	0.2571428571428571	0.045714285714285714	0.02857142857142857	0.08571428571428572	0.10857142857142857	0.07428571428571429	0.05142857142857143	0.08571428571428572	
0.08108108108108109	0.17567567567567569	0.08108108108108109	0.06756756756756757	0.08108108108108109	0.12162162162162163	0.12162162162162163	0.0945945945945946	0.06756756756756757	0.10810810810810811	
0.022727272727272728	0.12878787878787878	0.25757575757575757	0.026515151515151516	0.05303030303030303	0.30303030303030304	0.08333333333333333	0.03409090909090909	0.045454545454545456	0.045454545454545456	
0.03763440860215054	0.0913978494623656	0.24731182795698925	0.03225806451612903	0.04838709677419355	0.3064516129032258	0.10752688172043011	0.04838709677419355	0.04838709677419355	0.03225806451612903	
0.03755868544600939	0.028169014084507043	0.4788732394366197	0.023474178403755867	0.06572769953051644	0.107981220657277	0.07042253521126761	0.051643192488262914	0.09859154929577464	0.03755868544600939	
0.047337278106508875	0.14201183431952663	0.13609467455621302	0.03550295857988166	0.03550295857988166	0.2958579881656805	0.09467455621301775	0.047337278106508875	0.07100591715976332	0.09467455621301775	
0.03932584269662921	0.1797752808988764	0.3089887640449438	0.025280898876404494	0.06741573033707865	0.14887640449438203	0.08146067415730338	0.03651685393258427	0.06460674157303371	0.047752808988764044	
0.07575757575757576	0.09090909090909091	0.10606060606060606	0.07575757575757576	0.07575757575757576	0.13636363636363635	0.09090909090909091	0.07575757575757576	0.07575757575757576	0.19696969696969696	
0.04477611940298507	0.1044776119402985	0.08955223880597014	0.05970149253731343	0.07462686567164178	0.2537313432835821	0.14925373134328357	0.04975124378109453	0.04477611940298507	0.12935323383084577	
0.12121212121212122	0.05303030303030303	0.24242424242424243	0.03787878787878788	0.045454545454545456	0.16666666666666666	0.12878787878787878	0.08333333333333333	0.045454545454545456	0.07575757575757576	
0.05714285714285714	0.12380952380952381	0.047619047619047616	0.08571428571428572	0.03333333333333333	0.32857142857142857	0.1619047619047619	0.02857142857142857	0.04285714285714286	0.09047619047619047	
0.0379746835443038	0.0970464135021097	0.06751054852320675	0.07172995780590717	0.06751054852320675	0.31645569620253167	0.12236286919831224	0.05485232067510549	0.03375527426160337	0.1308016877637131	
0.04395604395604396	0.07692307692307693	0.07692307692307693	0.06043956043956044	0.04945054945054945	0.11538461538461539	0.04945054945054945	0.027472527472527472	0.04395604395604396	0.45604395604395603	
0.05154639175257732	0.041237113402061855	0.10309278350515463	0.05154639175257732	0.030927835051546393	0.29381443298969073	0.041237113402061855	0.06701030927835051	0.05154639175257732	0.26804123711340205	
0.05612244897959184	0.025510204081632654	0.21428571428571427	0.030612244897959183	0.0663265306122449	0.14795918367346939	0.09693877551020408	0.20918367346938777	0.04081632653061224	0.11224489795918367	
0.11627906976744186	0.05813953488372093	0.2441860465116279	0.05813953488372093	0.05813953488372093	0.09302325581395349	0.08139534883720931	0.11627906976744186	0.08139534883720931	0.09302325581395349	
0.05755395683453238	0.025179856115107913	0.3381294964028777	0.04316546762589928	0.039568345323741004	0.12589928057553956	0.08273381294964029	0.1906474820143885	0.03597122302158273	0.06115107913669065	
