0.048484848484848485	0.11515151515151516	0.04242424242424243	0.048484848484848485	0.03636363636363636	0.05454545454545454	0.1393939393939394	0.17575757575757575	0.23030303030303031	0.10909090909090909	
0.03636363636363636	0.022727272727272728	0.05909090909090909	0.15454545454545454	0.08181818181818182	0.03636363636363636	0.24545454545454545	0.07272727272727272	0.25	0.04090909090909091	
0.052980132450331126	0.15562913907284767	0.046357615894039736	0.04966887417218543	0.0728476821192053	0.059602649006622516	0.046357615894039736	0.17880794701986755	0.23178807947019867	0.10596026490066225	
0.04487179487179487	0.08333333333333333	0.05128205128205128	0.07051282051282051	0.057692307692307696	0.07051282051282051	0.03205128205128205	0.09615384615384616	0.358974358974359	0.1346153846153846	
0.06578947368421052	0.06578947368421052	0.06578947368421052	0.06578947368421052	0.07894736842105263	0.09210526315789473	0.14473684210526316	0.11842105263157894	0.2236842105263158	0.07894736842105263	
0.043333333333333335	0.04666666666666667	0.02	0.09333333333333334	0.04	0.09333333333333334	0.13	0.16333333333333333	0.3233333333333333	0.04666666666666667	
0.07924528301886792	0.052830188679245285	0.03018867924528302	0.052830188679245285	0.16226415094339622	0.12830188679245283	0.23018867924528302	0.04905660377358491	0.16226415094339622	0.052830188679245285	
0.044	0.076	0.032	0.06	0.072	0.096	0.12	0.132	0.252	0.116	
0.06896551724137931	0.06896551724137931	0.05517241379310345	0.07586206896551724	0.034482758620689655	0.041379310344827586	0.07586206896551724	0.1310344827586207	0.07586206896551724	0.3724137931034483	
0.0653061224489796	0.17142857142857143	0.044897959183673466	0.04081632653061224	0.036734693877551024	0.061224489795918366	0.044897959183673466	0.09387755102040816	0.22040816326530613	0.22040816326530613	
0.09663865546218488	0.07563025210084033	0.046218487394957986	0.058823529411764705	0.0546218487394958	0.046218487394957986	0.03361344537815126	0.0546218487394958	0.24789915966386555	0.2857142857142857	
0.05232558139534884	0.06686046511627906	0.04941860465116279	0.06395348837209303	0.11918604651162791	0.046511627906976744	0.33430232558139533	0.0755813953488372	0.10755813953488372	0.08430232558139535	
0.04285714285714286	0.07142857142857142	0.06428571428571428	0.15	0.09285714285714286	0.03571428571428571	0.07142857142857142	0.11428571428571428	0.2714285714285714	0.08571428571428572	
0.04938271604938271	0.05555555555555555	0.06172839506172839	0.08641975308641975	0.06172839506172839	0.05555555555555555	0.15432098765432098	0.15432098765432098	0.29012345679012347	0.030864197530864196	
0.04330175913396482	0.06089309878213803	0.04330175913396482	0.10419485791610285	0.05006765899864682	0.09066305818673884	0.19891745602165087	0.06224627875507442	0.2828146143437077	0.06359945872801083	
0.04672897196261682	0.09345794392523364	0.102803738317757	0.09345794392523364	0.056074766355140186	0.07476635514018691	0.04672897196261682	0.09345794392523364	0.2523364485981308	0.14018691588785046	
0.04046242774566474	0.046242774566473986	0.06069364161849711	0.07803468208092486	0.046242774566473986	0.046242774566473986	0.03757225433526012	0.06358381502890173	0.40173410404624277	0.1791907514450867	
0.05844155844155844	0.18831168831168832	0.08441558441558442	0.045454545454545456	0.05194805194805195	0.03896103896103896	0.05194805194805195	0.1038961038961039	0.2532467532467532	0.12337662337662338	
0.03684210526315789	0.06842105263157895	0.02894736842105263	0.07105263157894737	0.03684210526315789	0.018421052631578946	0.02894736842105263	0.060526315789473685	0.4605263157894737	0.18947368421052632	
0.03169014084507042	0.035211267605633804	0.02112676056338028	0.04225352112676056	0.08098591549295775	0.1936619718309859	0.25	0.05985915492957746	0.2535211267605634	0.03169014084507042	
0.08362369337979095	0.020905923344947737	0.024390243902439025	0.06968641114982578	0.05574912891986063	0.10104529616724739	0.37282229965156793	0.06620209059233449	0.18466898954703834	0.020905923344947737	
0.033482142857142856	0.03794642857142857	0.05133928571428571	0.033482142857142856	0.04017857142857143	0.10044642857142858	0.2544642857142857	0.08482142857142858	0.30580357142857145	0.05803571428571429	
0.10396039603960396	0.0297029702970297	0.04455445544554455	0.0297029702970297	0.0594059405940594	0.1188118811881188	0.3910891089108911	0.054455445544554455	0.13366336633663367	0.034653465346534656	
0.078125	0.078125	0.078125	0.09375	0.078125	0.09375	0.171875	0.09375	0.15625	0.078125	
0.050808314087759814	0.03002309468822171	0.03926096997690531	0.046189376443418015	0.046189376443418015	0.5150115473441108	0.11085450346420324	0.023094688221709007	0.11778290993071594	0.020785219399538105	
0.055248618784530384	0.03038674033149171	0.03591160220994475	0.024861878453038673	0.03591160220994475	0.27071823204419887	0.39779005524861877	0.03038674033149171	0.07734806629834254	0.04143646408839779	
0.03424657534246575	0.023287671232876714	0.04794520547945205	0.038356164383561646	0.0547945205479452	0.4191780821917808	0.22876712328767124	0.02054794520547945	0.11506849315068493	0.01780821917808219	
0.1420534458509142	0.02531645569620253	0.02531645569620253	0.011251758087201125	0.01969057665260197	0.2489451476793249	0.4177215189873418	0.02531645569620253	0.06329113924050633	0.02109704641350211	
0.09401709401709402	0.08547008547008547	0.05128205128205128	0.06837606837606838	0.10256410256410256	0.09401709401709402	0.21367521367521367	0.05128205128205128	0.17094017094017094	0.06837606837606838	
0.034340659340659344	0.023351648351648352	0.008241758241758242	0.04120879120879121	0.027472527472527472	0.3269230769230769	0.4381868131868132	0.009615384615384616	0.054945054945054944	0.03571428571428571	
0.03754266211604096	0.015358361774744027	0.07508532423208192	0.03583617747440273	0.03924914675767918	0.3412969283276451	0.3430034129692833	0.02218430034129693	0.05802047781569966	0.032423208191126277	
0.14492753623188406	0.07246376811594203	0.08695652173913043	0.08695652173913043	0.07246376811594203	0.11594202898550725	0.18840579710144928	0.07246376811594203	0.08695652173913043	0.07246376811594203	
0.05188679245283019	0.015723270440251572	0.03459119496855346	0.020440251572327043	0.040880503144654086	0.6462264150943396	0.13364779874213836	0.012578616352201259	0.02830188679245283	0.015723270440251572	
0.041463414634146344	0.02926829268292683	0.07317073170731707	0.04390243902439024	0.06585365853658537	0.43902439024390244	0.18536585365853658	0.02195121951219512	0.07560975609756097	0.024390243902439025	
0.3714859437751004	0.04216867469879518	0.02208835341365462	0.012048192771084338	0.028112449799196786	0.2248995983935743	0.1686746987951807	0.05421686746987952	0.0642570281124498	0.012048192771084338	
0.20603015075376885	0.07035175879396985	0.02512562814070352	0.04020100502512563	0.04020100502512563	0.08040201005025126	0.17587939698492464	0.06030150753768844	0.22110552763819097	0.08040201005025126	
0.5083798882681564	0.05027932960893855	0.0335195530726257	0.08379888268156424	0.055865921787709494	0.0670391061452514	0.0670391061452514	0.055865921787709494	0.0335195530726257	0.0446927374301676	
0.3460820895522388	0.013992537313432836	0.022388059701492536	0.016791044776119403	0.013992537313432836	0.31343283582089554	0.1958955223880597	0.013992537313432836	0.04757462686567164	0.01585820895522388	
0.31141868512110726	0.01384083044982699	0.00865051903114187	0.01903114186851211	0.01903114186851211	0.31833910034602075	0.21107266435986158	0.03806228373702422	0.04671280276816609	0.01384083044982699	
0.39737991266375544	0.048034934497816595	0.039301310043668124	0.039301310043668124	0.043668122270742356	0.11790393013100436	0.13537117903930132	0.056768558951965066	0.08733624454148471	0.034934497816593885	
0.32142857142857145	0.05357142857142857	0.03571428571428571	0.06547619047619048	0.08333333333333333	0.16666666666666666	0.16071428571428573	0.03571428571428571	0.047619047619047616	0.02976190476190476	
0.18181818181818182	0.045454545454545456	0.0625	0.0625	0.028409090909090908	0.07954545454545454	0.26136363636363635	0.056818181818181816	0.18181818181818182	0.03977272727272727	
0.08333333333333333	0.037037037037037035	0.033950617283950615	0.13271604938271606	0.19444444444444445	0.05864197530864197	0.24691358024691357	0.07407407407407407	0.11728395061728394	0.021604938271604937	
0.049723756906077346	0.04419889502762431	0.04419889502762431	0.09944751381215469	0.44751381215469616	0.09392265193370165	0.08839779005524862	0.06077348066298342	0.04419889502762431	0.027624309392265192	
0.08169014084507042	0.028169014084507043	0.0647887323943662	0.10422535211267606	0.3183098591549296	0.061971830985915494	0.15211267605633802	0.09859154929577464	0.07323943661971831	0.016901408450704224	
0.11818181818181818	0.07272727272727272	0.06363636363636363	0.09090909090909091	0.1	0.06363636363636363	0.09090909090909091	0.22727272727272727	0.1	0.07272727272727272	
0.07857142857142857	0.15	0.06428571428571428	0.07142857142857142	0.08571428571428572	0.1	0.11428571428571428	0.19285714285714287	0.10714285714285714	0.03571428571428571	
0.09090909090909091	0.07142857142857142	0.05194805194805195	0.17532467532467533	0.07792207792207792	0.05194805194805195	0.06493506493506493	0.22727272727272727	0.13636363636363635	0.05194805194805195	
0.0979020979020979	0.12727272727272726	0.032167832167832165	0.06993006993006994	0.10909090909090909	0.06853146853146853	0.03496503496503497	0.3104895104895105	0.12447552447552447	0.025174825174825177	
0.04743083003952569	0.12648221343873517	0.04743083003952569	0.03557312252964427	0.03557312252964427	0.06324110671936758	0.15019762845849802	0.06719367588932806	0.2134387351778656	0.2134387351778656	
0.09344262295081968	0.014754098360655738	0.022950819672131147	0.04262295081967213	0.03442622950819672	0.10327868852459017	0.23114754098360657	0.047540983606557376	0.3737704918032787	0.036065573770491806	
0.05362776025236593	0.050473186119873815	0.05362776025236593	0.05362776025236593	0.0694006309148265	0.09779179810725552	0.15772870662460567	0.03470031545741325	0.4069400630914827	0.022082018927444796	
0.04838709677419355	0.056451612903225805	0.03225806451612903	0.036290322580645164	0.024193548387096774	0.06048387096774194	0.12096774193548387	0.15725806451612903	0.3911290322580645	0.07258064516129033	
0.029914529914529916	0.02564102564102564	0.06837606837606838	0.021367521367521368	0.05982905982905983	0.08547008547008547	0.5213675213675214	0.03418803418803419	0.1282051282051282	0.02564102564102564	
0.036855036855036855	0.036855036855036855	0.02457002457002457	0.036855036855036855	0.04176904176904177	0.044226044226044224	0.6707616707616708	0.03194103194103194	0.05896805896805897	0.0171990171990172	
0.08256880733944955	0.045871559633027525	0.06422018348623854	0.06422018348623854	0.06422018348623854	0.045871559633027525	0.08256880733944955	0.06422018348623854	0.42201834862385323	0.06422018348623854	
0.030395136778115502	0.09270516717325228	0.06231003039513678	0.0243161094224924	0.037993920972644375	0.03951367781155015	0.06382978723404255	0.057750759878419454	0.4574468085106383	0.1337386018237082	
0.057750759878419454	0.04559270516717325	0.04559270516717325	0.0425531914893617	0.0364741641337386	0.11398176291793313	0.10182370820668693	0.06990881458966565	0.4194528875379939	0.0668693009118541	
0.08	0.09333333333333334	0.06666666666666667	0.08	0.06666666666666667	0.12	0.09333333333333334	0.06666666666666667	0.18666666666666668	0.14666666666666667	
0.0761904761904762	0.047619047619047616	0.06666666666666667	0.08571428571428572	0.05714285714285714	0.0761904761904762	0.19047619047619047	0.14285714285714285	0.14285714285714285	0.11428571428571428	
0.03571428571428571	0.06696428571428571	0.05803571428571429	0.05357142857142857	0.05357142857142857	0.049107142857142856	0.10267857142857142	0.06696428571428571	0.48214285714285715	0.03125	
0.04395604395604396	0.08516483516483517	0.016483516483516484	0.12912087912087913	0.11263736263736264	0.07142857142857142	0.25824175824175827	0.06043956043956044	0.14835164835164835	0.07417582417582418	
0.07	0.07	0.09	0.06	0.13	0.15	0.21	0.07	0.1	0.05	
0.08636363636363636	0.05	0.045454545454545456	0.05454545454545454	0.30454545454545456	0.09545454545454546	0.18181818181818182	0.06363636363636363	0.05454545454545454	0.06363636363636363	
0.05581395348837209	0.046511627906976744	0.06511627906976744	0.09302325581395349	0.37209302325581395	0.07441860465116279	0.14418604651162792	0.046511627906976744	0.07906976744186046	0.023255813953488372	
0.08664259927797834	0.036101083032490974	0.02888086642599278	0.04693140794223827	0.1407942238267148	0.06498194945848375	0.44404332129963897	0.07942238267148015	0.032490974729241874	0.039711191335740074	
0.11740890688259109	0.05263157894736842	0.06882591093117409	0.08502024291497975	0.11336032388663968	0.20647773279352227	0.22267206477732793	0.032388663967611336	0.06072874493927125	0.04048582995951417	
0.033216783216783216	0.026223776223776224	0.1048951048951049	0.055944055944055944	0.5122377622377622	0.050699300699300696	0.11888111888111888	0.02972027972027972	0.03496503496503497	0.033216783216783216	
0.08614232209737828	0.0449438202247191	0.07116104868913857	0.2883895131086142	0.1760299625468165	0.0299625468164794	0.19101123595505617	0.033707865168539325	0.056179775280898875	0.02247191011235955	
0.10619469026548672	0.048672566371681415	0.048672566371681415	0.19911504424778761	0.11946902654867257	0.02654867256637168	0.12389380530973451	0.07079646017699115	0.11504424778761062	0.1415929203539823	
0.14482758620689656	0.2	0.05517241379310345	0.0896551724137931	0.0896551724137931	0.041379310344827586	0.08275862068965517	0.15862068965517243	0.07586206896551724	0.06206896551724138	
0.11403508771929824	0.09649122807017543	0.07894736842105263	0.14035087719298245	0.10526315789473684	0.07894736842105263	0.08771929824561403	0.15789473684210525	0.08771929824561403	0.05263157894736842	
0.04178272980501393	0.06406685236768803	0.036211699164345405	0.21448467966573817	0.06685236768802229	0.033426183844011144	0.11142061281337047	0.11420612813370473	0.06685236768802229	0.25069637883008355	
0.09016393442622951	0.05737704918032787	0.040983606557377046	0.12295081967213115	0.1885245901639344	0.040983606557377046	0.21311475409836064	0.04918032786885246	0.10655737704918032	0.09016393442622951	
0.06206896551724138	0.04827586206896552	0.06206896551724138	0.14482758620689656	0.1724137931034483	0.034482758620689655	0.15172413793103448	0.0896551724137931	0.16551724137931034	0.06896551724137931	
0.030434782608695653	0.06521739130434782	0.06956521739130435	0.0391304347826087	0.034782608695652174	0.25217391304347825	0.20869565217391303	0.1	0.1608695652173913	0.0391304347826087	
0.025380710659898477	0.04568527918781726	0.04060913705583756	0.03553299492385787	0.06091370558375635	0.17258883248730963	0.38071065989847713	0.07614213197969544	0.116751269035533	0.04568527918781726	
0.09146341463414634	0.03048780487804878	0.042682926829268296	0.04573170731707317	0.03048780487804878	0.20121951219512196	0.4054878048780488	0.06097560975609756	0.06097560975609756	0.03048780487804878	
0.1327683615819209	0.0423728813559322	0.03389830508474576	0.025423728813559324	0.03389830508474576	0.307909604519774	0.3192090395480226	0.02824858757062147	0.04519774011299435	0.031073446327683617	
0.0855614973262032	0.0427807486631016	0.026737967914438502	0.053475935828877004	0.0481283422459893	0.3422459893048128	0.22459893048128343	0.053475935828877004	0.0855614973262032	0.0374331550802139	
0.10152284263959391	0.03553299492385787	0.05583756345177665	0.025380710659898477	0.04060913705583756	0.17258883248730963	0.36548223350253806	0.06091370558375635	0.09644670050761421	0.04568527918781726	
0.04524886877828054	0.04072398190045249	0.049773755656108594	0.049773755656108594	0.027149321266968326	0.42081447963800905	0.23529411764705882	0.049773755656108594	0.049773755656108594	0.03167420814479638	
0.014652014652014652	0.047619047619047616	0.03296703296703297	0.021062271062271064	0.046703296703296704	0.6959706959706959	0.047619047619047616	0.024725274725274724	0.05128205128205128	0.0173992673992674	
0.04212860310421286	0.026607538802660754	0.03325942350332594	0.03547671840354767	0.05321507760532151	0.5587583148558758	0.15964523281596452	0.026607538802660754	0.04878048780487805	0.015521064301552107	
0.04580152671755725	0.05343511450381679	0.061068702290076333	0.06870229007633588	0.05343511450381679	0.4198473282442748	0.061068702290076333	0.04580152671755725	0.15267175572519084	0.03816793893129771	
0.04066543438077634	0.014787430683918669	0.036968576709796676	0.02033271719038817	0.029574861367837338	0.6876155268022182	0.10720887245841035	0.018484288354898338	0.025878003696857672	0.018484288354898338	
0.03189493433395872	0.039399624765478425	0.04127579737335835	0.0150093808630394	0.05628517823639775	0.651031894934334	0.03189493433395872	0.04127579737335835	0.075046904315197	0.016885553470919325	
0.060714285714285714	0.12857142857142856	0.02857142857142857	0.02142857142857143	0.05	0.18214285714285713	0.1357142857142857	0.17142857142857143	0.15357142857142858	0.06785714285714285	
0.050666666666666665	0.04	0.02666666666666667	0.034666666666666665	0.037333333333333336	0.26666666666666666	0.14133333333333334	0.058666666666666666	0.31733333333333336	0.02666666666666667	
0.04040404040404041	0.1111111111111111	0.020202020202020204	0.5303030303030303	0.05303030303030303	0.03535353535353535	0.03282828282828283	0.06313131313131314	0.0707070707070707	0.04292929292929293	
0.056847545219638244	0.059431524547803614	0.020671834625323	0.25839793281653745	0.05167958656330749	0.05167958656330749	0.056847545219638244	0.059431524547803614	0.05426356589147287	0.330749354005168	
0.19672131147540983	0.08196721311475409	0.06557377049180328	0.1721311475409836	0.13934426229508196	0.05737704918032787	0.05737704918032787	0.040983606557377046	0.11475409836065574	0.07377049180327869	
0.14096916299559473	0.10572687224669604	0.030837004405286344	0.3524229074889868	0.06607929515418502	0.039647577092511016	0.05726872246696035	0.048458149779735685	0.10572687224669604	0.05286343612334802	
0.3987341772151899	0.06329113924050633	0.056962025316455694	0.08227848101265822	0.06329113924050633	0.06962025316455696	0.056962025316455694	0.03164556962025317	0.13924050632911392	0.0379746835443038	
0.3642276422764228	0.02926829268292683	0.05853658536585366	0.0910569105691057	0.2943089430894309	0.055284552845528454	0.032520325203252036	0.016260162601626018	0.04715447154471545	0.011382113821138212	
0.06	0.044	0.352	0.076	0.16	0.088	0.1	0.032	0.052	0.036	
0.06666666666666667	0.08333333333333333	0.05	0.4083333333333333	0.08333333333333333	0.075	0.05	0.09166666666666666	0.05	0.041666666666666664	
0.0452418096723869	0.0187207488299532	0.0265210608424337	0.7145085803432137	0.059282371294851796	0.0124804992199688	0.015600624024960999	0.028081123244929798	0.028081123244929798	0.0514820592823713	
0.058823529411764705	0.09688581314878893	0.02768166089965398	0.5570934256055363	0.03633217993079585	0.025951557093425604	0.015570934256055362	0.11418685121107267	0.03633217993079585	0.031141868512110725	
0.03208556149732621	0.0481283422459893	0.023172905525846704	0.6506238859180036	0.053475935828877004	0.016042780748663103	0.030303030303030304	0.08021390374331551	0.03208556149732621	0.0338680926916221	
0.07633587786259542	0.061068702290076333	0.07633587786259542	0.42748091603053434	0.06870229007633588	0.04580152671755725	0.05343511450381679	0.06870229007633588	0.06870229007633588	0.05343511450381679	
0.15339233038348082	0.06489675516224189	0.0943952802359882	0.415929203539823	0.038348082595870206	0.029498525073746312	0.02654867256637168	0.032448377581120944	0.0855457227138643	0.058997050147492625	
0.20422535211267606	0.07042253521126761	0.08450704225352113	0.2323943661971831	0.12323943661971831	0.04929577464788732	0.05985915492957746	0.04225352112676056	0.07394366197183098	0.05985915492957746	
0.04926108374384237	0.10344827586206896	0.04433497536945813	0.39901477832512317	0.06896551724137931	0.04433497536945813	0.04926108374384237	0.06896551724137931	0.059113300492610835	0.11330049261083744	
0.025089605734767026	0.07526881720430108	0.053763440860215055	0.4767025089605735	0.035842293906810034	0.043010752688172046	0.07526881720430108	0.1039426523297491	0.06093189964157706	0.05017921146953405	
0.02932551319648094	0.09090909090909091	0.06158357771260997	0.436950146627566	0.03812316715542522	0.03519061583577713	0.06744868035190615	0.03225806451612903	0.08797653958944282	0.12023460410557185	
0.08849557522123894	0.07964601769911504	0.04424778761061947	0.3008849557522124	0.04424778761061947	0.05309734513274336	0.05309734513274336	0.05309734513274336	0.20353982300884957	0.07964601769911504	
0.14694656488549618	0.05343511450381679	0.04007633587786259	0.03244274809160305	0.1965648854961832	0.1183206106870229	0.12404580152671756	0.04198473282442748	0.20229007633587787	0.04389312977099236	
0.06629834254143646	0.04419889502762431	0.049723756906077346	0.0718232044198895	0.23204419889502761	0.27071823204419887	0.07734806629834254	0.04419889502762431	0.09944751381215469	0.04419889502762431	
0.05755395683453238	0.047961630695443645	0.05515587529976019	0.03357314148681055	0.2805755395683453	0.22302158273381295	0.05275779376498801	0.0671462829736211	0.11270983213429256	0.06954436450839328	
0.06741573033707865	0.056179775280898875	0.03932584269662921	0.03932584269662921	0.3651685393258427	0.1404494382022472	0.07865168539325842	0.028089887640449437	0.1404494382022472	0.0449438202247191	
0.03888888888888889	0.05	0.1527777777777778	0.06111111111111111	0.2388888888888889	0.25833333333333336	0.041666666666666664	0.041666666666666664	0.075	0.041666666666666664	
0.04926108374384237	0.054187192118226604	0.04926108374384237	0.04433497536945813	0.11822660098522167	0.45320197044334976	0.07881773399014778	0.054187192118226604	0.054187192118226604	0.04433497536945813	
0.03225806451612903	0.07196029776674938	0.01488833746898263	0.038461538461538464	0.12034739454094293	0.4317617866004963	0.04094292803970223	0.06327543424317618	0.15508684863523572	0.031017369727047148	
0.04580152671755725	0.061068702290076333	0.07633587786259542	0.06870229007633588	0.06870229007633588	0.25190839694656486	0.17557251908396945	0.05343511450381679	0.15267175572519084	0.04580152671755725	
0.2907488986784141	0.039647577092511016	0.03524229074889868	0.048458149779735685	0.27973568281938327	0.037444933920704845	0.03303964757709251	0.03303964757709251	0.1211453744493392	0.08149779735682819	
0.5449438202247191	0.03651685393258427	0.05056179775280899	0.03932584269662921	0.16573033707865167	0.033707865168539325	0.033707865168539325	0.03089887640449438	0.03932584269662921	0.025280898876404494	
0.6005917159763313	0.03106508875739645	0.025887573964497042	0.03106508875739645	0.17159763313609466	0.025887573964497042	0.021449704142011833	0.04437869822485207	0.03254437869822485	0.015532544378698224	
0.42641509433962266	0.052830188679245285	0.04905660377358491	0.03773584905660377	0.22264150943396227	0.05660377358490566	0.04150943396226415	0.052830188679245285	0.026415094339622643	0.033962264150943396	
0.2608695652173913	0.049689440993788817	0.037267080745341616	0.049689440993788817	0.33540372670807456	0.09316770186335403	0.055900621118012424	0.043478260869565216	0.043478260869565216	0.031055900621118012	
0.4065040650406504	0.056910569105691054	0.04065040650406504	0.08943089430894309	0.14634146341463414	0.04065040650406504	0.04065040650406504	0.08130081300813008	0.056910569105691054	0.04065040650406504	
0.252212389380531	0.061946902654867256	0.030973451327433628	0.035398230088495575	0.16592920353982302	0.13716814159292035	0.06415929203539823	0.07300884955752213	0.14823008849557523	0.030973451327433628	
0.3025210084033613	0.037815126050420166	0.0546218487394958	0.046218487394957986	0.14705882352941177	0.04201680672268908	0.037815126050420166	0.05042016806722689	0.226890756302521	0.0546218487394958	
0.10068649885583524	0.09610983981693363	0.06178489702517163	0.057208237986270026	0.4302059496567506	0.032036613272311214	0.05263157894736842	0.034324942791762014	0.07093821510297482	0.06407322654462243	
0.0594059405940594	0.04950495049504951	0.04950495049504951	0.07920792079207921	0.37623762376237624	0.0891089108910891	0.06930693069306931	0.09900990099009901	0.07920792079207921	0.04950495049504951	
0.09560723514211886	0.028423772609819122	0.056847545219638244	0.020671834625323	0.58656330749354	0.06718346253229975	0.06459948320413436	0.041343669250646	0.015503875968992248	0.023255813953488372	
0.06514657980456026	0.06840390879478828	0.029315960912052116	0.035830618892508145	0.6644951140065146	0.016286644951140065	0.02280130293159609	0.03908794788273615	0.03257328990228013	0.026058631921824105	
0.08766233766233766	0.03571428571428571	0.045454545454545456	0.045454545454545456	0.5551948051948052	0.02922077922077922	0.05194805194805195	0.05194805194805195	0.05194805194805195	0.045454545454545456	
0.05963302752293578	0.03669724770642202	0.06422018348623854	0.03211009174311927	0.591743119266055	0.04128440366972477	0.06422018348623854	0.03211009174311927	0.045871559633027525	0.03211009174311927	
0.039755351681957186	0.04281345565749235	0.039755351681957186	0.03669724770642202	0.40978593272171254	0.04281345565749235	0.22629969418960244	0.07339449541284404	0.05504587155963303	0.03363914373088685	
0.05	0.05555555555555555	0.05	0.1	0.45	0.03888888888888889	0.06111111111111111	0.05	0.10555555555555556	0.03888888888888889	
0.056910569105691054	0.06504065040650407	0.06504065040650407	0.04878048780487805	0.4878048780487805	0.07317073170731707	0.056910569105691054	0.06504065040650407	0.04065040650406504	0.04065040650406504	
0.10526315789473684	0.023026315789473683	0.05263157894736842	0.03618421052631579	0.5921052631578947	0.029605263157894735	0.0625	0.03618421052631579	0.03618421052631579	0.02631578947368421	
0.07720588235294118	0.04779411764705882	0.04044117647058824	0.022058823529411766	0.6102941176470589	0.04411764705882353	0.025735294117647058	0.07352941176470588	0.029411764705882353	0.029411764705882353	
0.06722689075630252	0.1092436974789916	0.058823529411764705	0.058823529411764705	0.37815126050420167	0.08403361344537816	0.08403361344537816	0.05042016806722689	0.058823529411764705	0.05042016806722689	
0.05533596837944664	0.023715415019762844	0.04743083003952569	0.039525691699604744	0.6521739130434783	0.023715415019762844	0.023715415019762844	0.05533596837944664	0.03557312252964427	0.043478260869565216	
0.15450643776824036	0.03862660944206009	0.06437768240343347	0.060085836909871244	0.4721030042918455	0.034334763948497854	0.04721030042918455	0.04291845493562232	0.05150214592274678	0.034334763948497854	
0.07964601769911504	0.09734513274336283	0.061946902654867256	0.05309734513274336	0.3893805309734513	0.07964601769911504	0.05309734513274336	0.07079646017699115	0.05309734513274336	0.061946902654867256	
0.11702127659574468	0.07446808510638298	0.09574468085106383	0.06382978723404255	0.3404255319148936	0.07446808510638298	0.07446808510638298	0.05319148936170213	0.05319148936170213	0.05319148936170213	
0.100418410041841	0.08786610878661087	0.10460251046025104	0.04602510460251046	0.4602510460251046	0.06276150627615062	0.04602510460251046	0.03347280334728033	0.03347280334728033	0.02510460251046025	
0.05309734513274336	0.048672566371681415	0.06637168141592921	0.02654867256637168	0.6238938053097345	0.02654867256637168	0.035398230088495575	0.05309734513274336	0.035398230088495575	0.030973451327433628	
0.08961303462321792	0.034623217922606926	0.05702647657841141	0.028513238289205704	0.6293279022403259	0.03054989816700611	0.028513238289205704	0.048879837067209775	0.026476578411405296	0.026476578411405296	
0.05752212389380531	0.05752212389380531	0.05309734513274336	0.18584070796460178	0.29646017699115046	0.061946902654867256	0.11061946902654868	0.07079646017699115	0.05309734513274336	0.05309734513274336	
0.19491525423728814	0.11016949152542373	0.05084745762711865	0.06779661016949153	0.19491525423728814	0.059322033898305086	0.0423728813559322	0.06779661016949153	0.1440677966101695	0.06779661016949153	
0.24874371859296482	0.03768844221105527	0.01256281407035176	0.04522613065326633	0.5125628140703518	0.02512562814070352	0.05025125628140704	0.022613065326633167	0.02763819095477387	0.017587939698492462	
0.23421052631578948	0.05263157894736842	0.07894736842105263	0.02368421052631579	0.45	0.03684210526315789	0.031578947368421054	0.034210526315789476	0.018421052631578946	0.039473684210526314	
0.15789473684210525	0.09824561403508772	0.03508771929824561	0.07719298245614035	0.3263157894736842	0.03859649122807018	0.05263157894736842	0.04912280701754386	0.0912280701754386	0.07368421052631578	
0.07342657342657342	0.06993006993006994	0.03146853146853147	0.045454545454545456	0.513986013986014	0.045454545454545456	0.04195804195804196	0.04895104895104895	0.09090909090909091	0.038461538461538464	
0.09025270758122744	0.2743682310469314	0.07220216606498195	0.07220216606498195	0.07220216606498195	0.039711191335740074	0.04332129963898917	0.05415162454873646	0.17328519855595667	0.10830324909747292	
0.04751131221719457	0.5769230769230769	0.038461538461538464	0.08144796380090498	0.04072398190045249	0.024886877828054297	0.03619909502262444	0.06108597285067873	0.07013574660633484	0.02262443438914027	
0.061611374407582936	0.36018957345971564	0.061611374407582936	0.05687203791469194	0.2132701421800948	0.052132701421800945	0.052132701421800945	0.04739336492890995	0.061611374407582936	0.03317535545023697	
0.2638888888888889	0.1527777777777778	0.05555555555555555	0.046296296296296294	0.10648148148148148	0.0787037037037037	0.06018518518518518	0.041666666666666664	0.09722222222222222	0.09722222222222222	
0.045454545454545456	0.42045454545454547	0.04924242424242424	0.07575757575757576	0.09090909090909091	0.03409090909090909	0.05303030303030303	0.04924242424242424	0.10606060606060606	0.07575757575757576	
0.04185022026431718	0.2643171806167401	0.07488986784140969	0.05506607929515418	0.24669603524229075	0.05947136563876652	0.14757709251101322	0.039647577092511016	0.04405286343612335	0.02643171806167401	
0.04365079365079365	0.4246031746031746	0.025793650793650792	0.06944444444444445	0.047619047619047616	0.031746031746031744	0.047619047619047616	0.041666666666666664	0.125	0.14285714285714285	
0.029197080291970802	0.3686131386861314	0.04744525547445255	0.025547445255474453	0.032846715328467155	0.14963503649635038	0.08029197080291971	0.11678832116788321	0.043795620437956206	0.10583941605839416	
0.0390625	0.24609375	0.08203125	0.04296875	0.07421875	0.21484375	0.171875	0.04296875	0.05859375	0.02734375	
0.04843304843304843	0.36752136752136755	0.08262108262108261	0.02564102564102564	0.042735042735042736	0.15954415954415954	0.1452991452991453	0.042735042735042736	0.039886039886039885	0.045584045584045586	
0.0718954248366013	0.3333333333333333	0.08496732026143791	0.0392156862745098	0.05228758169934641	0.0392156862745098	0.11764705882352941	0.06535947712418301	0.13725490196078433	0.058823529411764705	
0.043478260869565216	0.3375959079283887	0.030690537084398978	0.0639386189258312	0.10485933503836317	0.0792838874680307	0.0639386189258312	0.03324808184143223	0.13043478260869565	0.11253196930946291	
0.0330188679245283	0.2641509433962264	0.09433962264150944	0.03773584905660377	0.12735849056603774	0.04245283018867924	0.03773584905660377	0.04716981132075472	0.2169811320754717	0.09905660377358491	
0.021551724137931036	0.05172413793103448	0.06465517241379311	0.02586206896551724	0.0603448275862069	0.04310344827586207	0.11206896551724138	0.3448275862068966	0.14224137931034483	0.1336206896551724	
0.06666666666666667	0.07407407407407407	0.07407407407407407	0.05185185185185185	0.05185185185185185	0.05925925925925926	0.06666666666666667	0.34074074074074073	0.08148148148148149	0.13333333333333333	
0.02	0.09333333333333334	0.04666666666666667	0.06333333333333334	0.056666666666666664	0.043333333333333335	0.12666666666666668	0.4033333333333333	0.09666666666666666	0.05	
0.06748466257668712	0.0408997955010225	0.10020449897750511	0.08384458077709611	0.028629856850715747	0.02044989775051125	0.022494887525562373	0.5071574642126789	0.07975460122699386	0.049079754601226995	
0.049429657794676805	0.060836501901140684	0.09885931558935361	0.06844106463878327	0.053231939163498096	0.053231939163498096	0.08745247148288973	0.2813688212927757	0.1482889733840304	0.09885931558935361	
0.04895104895104895	0.1048951048951049	0.13986013986013987	0.04195804195804196	0.03496503496503497	0.03496503496503497	0.04195804195804196	0.2727272727272727	0.1258741258741259	0.15384615384615385	
0.07441860465116279	0.10387596899224806	0.043410852713178294	0.037209302325581395	0.031007751937984496	0.04186046511627907	0.17054263565891473	0.4124031007751938	0.05891472868217054	0.02635658914728682	
0.07303370786516854	0.0449438202247191	0.07865168539325842	0.07303370786516854	0.05056179775280899	0.06179775280898876	0.07303370786516854	0.33707865168539325	0.12921348314606743	0.07865168539325842	
0.07169811320754717	0.12830188679245283	0.06415094339622641	0.026415094339622643	0.04905660377358491	0.033962264150943396	0.052830188679245285	0.26037735849056604	0.10566037735849057	0.20754716981132076	
0.04918032786885246	0.15300546448087432	0.04918032786885246	0.060109289617486336	0.08743169398907104	0.06557377049180328	0.10382513661202186	0.28415300546448086	0.08743169398907104	0.060109289617486336	
0.06403940886699508	0.16748768472906403	0.04433497536945813	0.04926108374384237	0.06896551724137931	0.034482758620689655	0.06403940886699508	0.19704433497536947	0.13793103448275862	0.1724137931034483	
0.03619047619047619	0.14857142857142858	0.02666666666666667	0.0419047619047619	0.05904761904761905	0.047619047619047616	0.05714285714285714	0.4838095238095238	0.05714285714285714	0.0419047619047619	
0.04042553191489362	0.07872340425531915	0.07872340425531915	0.059574468085106386	0.04893617021276596	0.031914893617021274	0.09574468085106383	0.40425531914893614	0.07872340425531915	0.08297872340425531	
0.03550295857988166	0.21893491124260356	0.0650887573964497	0.03550295857988166	0.04142011834319527	0.07100591715976332	0.10650887573964497	0.24260355029585798	0.07692307692307693	0.10650887573964497	
0.07936507936507936	0.05555555555555555	0.05555555555555555	0.10317460317460317	0.09523809523809523	0.0873015873015873	0.15873015873015872	0.2222222222222222	0.07142857142857142	0.07142857142857142	
0.03949447077409163	0.07740916271721959	0.044233807266982623	0.08530805687203792	0.05845181674565561	0.026856240126382307	0.1500789889415482	0.3696682464454976	0.061611374407582936	0.08688783570300158	
0.05027932960893855	0.030726256983240222	0.06424581005586592	0.055865921787709494	0.0893854748603352	0.10335195530726257	0.2737430167597765	0.25139664804469275	0.030726256983240222	0.05027932960893855	
0.050314465408805034	0.031446540880503145	0.07127882599580712	0.10062893081761007	0.0440251572327044	0.04612159329140461	0.18238993710691823	0.4129979035639413	0.03563941299790356	0.025157232704402517	
0.051643192488262914	0.051643192488262914	0.13615023474178403	0.056338028169014086	0.215962441314554	0.11737089201877934	0.13615023474178403	0.13615023474178403	0.056338028169014086	0.04225352112676056	
0.08495145631067962	0.07281553398058252	0.08737864077669903	0.06067961165048544	0.0703883495145631	0.07281553398058252	0.09466019417475728	0.3470873786407767	0.05339805825242718	0.055825242718446605	
0.05952380952380952	0.08333333333333333	0.08333333333333333	0.13095238095238096	0.07142857142857142	0.15476190476190477	0.10714285714285714	0.13095238095238096	0.10714285714285714	0.07142857142857142	
0.04046242774566474	0.09826589595375723	0.08670520231213873	0.057803468208092484	0.08670520231213873	0.04046242774566474	0.14450867052023122	0.27167630057803466	0.09826589595375723	0.07514450867052024	
0.06230031948881789	0.06869009584664537	0.08945686900958466	0.0463258785942492	0.08626198083067092	0.09105431309904154	0.12140575079872204	0.3210862619808307	0.03194888178913738	0.08146964856230032	
0.040780141843971635	0.044326241134751775	0.05673758865248227	0.0425531914893617	0.05673758865248227	0.08687943262411348	0.16843971631205673	0.4397163120567376	0.030141843971631204	0.03368794326241135	
0.046153846153846156	0.046153846153846156	0.07307692307692308	0.07307692307692308	0.038461538461538464	0.09230769230769231	0.15384615384615385	0.3153846153846154	0.038461538461538464	0.12307692307692308	
0.023006134969325152	0.16104294478527606	0.04754601226993865	0.05214723926380368	0.05214723926380368	0.023006134969325152	0.03834355828220859	0.44785276073619634	0.03374233128834356	0.12116564417177914	
0.03951367781155015	0.0486322188449848	0.06382978723404255	0.06382978723404255	0.0547112462006079	0.0547112462006079	0.08206686930091185	0.45896656534954405	0.04559270516717325	0.08814589665653495	
0.046610169491525424	0.06779661016949153	0.08050847457627118	0.038135593220338986	0.025423728813559324	0.0847457627118644	0.21610169491525424	0.2796610169491525	0.11016949152542373	0.05084745762711865	
0.04195804195804196	0.08391608391608392	0.037296037296037296	0.030303030303030304	0.055944055944055944	0.04428904428904429	0.3473193473193473	0.2680652680652681	0.05128205128205128	0.039627039627039624	
0.03934426229508197	0.05245901639344262	0.05901639344262295	0.05245901639344262	0.03278688524590164	0.05573770491803279	0.3081967213114754	0.2360655737704918	0.08196721311475409	0.08196721311475409	
0.04565217391304348	0.13695652173913042	0.041304347826086954	0.02608695652173913	0.04782608695652174	0.030434782608695653	0.14130434782608695	0.3760869565217391	0.08043478260869565	0.07391304347826087	
0.06666666666666667	0.10476190476190476	0.06666666666666667	0.08571428571428572	0.047619047619047616	0.08571428571428572	0.1619047619047619	0.13333333333333333	0.1619047619047619	0.08571428571428572	
0.07894736842105263	0.05263157894736842	0.08771929824561403	0.07017543859649122	0.05263157894736842	0.09649122807017543	0.2894736842105263	0.10526315789473684	0.08771929824561403	0.07894736842105263	
0.04065040650406504	0.06504065040650407	0.06504065040650407	0.0975609756097561	0.12195121951219512	0.07317073170731707	0.06504065040650407	0.3252032520325203	0.10569105691056911	0.04065040650406504	
0.050808314087759814	0.03695150115473441	0.04157043879907621	0.03464203233256351	0.14087759815242495	0.04157043879907621	0.12009237875288684	0.4387990762124711	0.04157043879907621	0.053117782909930716	
0.0433996383363472	0.05786618444846293	0.05605786618444846	0.048824593128390596	0.081374321880651	0.039783001808318265	0.0433996383363472	0.46473779385171793	0.11573236889692586	0.048824593128390596	
0.05813953488372093	0.1511627906976744	0.09302325581395349	0.12790697674418605	0.06976744186046512	0.08139534883720931	0.05813953488372093	0.1511627906976744	0.11627906976744186	0.09302325581395349	
0.060240963855421686	0.060240963855421686	0.0783132530120482	0.0783132530120482	0.04819277108433735	0.05421686746987952	0.04819277108433735	0.41566265060240964	0.06626506024096386	0.09036144578313253	
0.06222222222222222	0.10666666666666667	0.04	0.04888888888888889	0.035555555555555556	0.044444444444444446	0.05333333333333334	0.4488888888888889	0.08888888888888889	0.07111111111111111	
0.05237315875613748	0.054009819967266774	0.05237315875613748	0.07364975450081833	0.03436988543371522	0.022913256955810146	0.12274959083469722	0.46808510638297873	0.049099836333878884	0.07037643207855974	
0.07480314960629922	0.1220472440944882	0.03937007874015748	0.047244094488188976	0.01968503937007874	0.03937007874015748	0.051181102362204724	0.3188976377952756	0.1062992125984252	0.18110236220472442	
0.07692307692307693	0.06593406593406594	0.04945054945054945	0.03296703296703297	0.03296703296703297	0.038461538461538464	0.03296703296703297	0.2802197802197802	0.24175824175824176	0.14835164835164835	
